== swing ring TripLine
t [0.0, 0.05, 0.1, 0.15, 0.2, 0.25, 0.3, 0.35, 0.4, 0.45, 0.5, 0.55, 0.6, 0.65, 0.7, 0.75, 0.8, 0.85, 0.9, 0.95, 1.0, 1.05, 1.1, 1.15, 1.2, 1.25, 1.3, 1.35, 1.4, 1.45, 1.5, 1.55, 1.6, 1.65, 1.7, 1.75, 1.8, 1.85, 1.9, 1.95, 2.0, 2.05, 2.1, 2.15, 2.2, 2.25, 2.3, 2.35, 2.4, 2.45, 2.5, 2.55, 2.6, 2.65, 2.7, 2.75, 2.8, 2.85, 2.9, 2.95, 3.0]
δ_G1 [2.108201053920821, 2.108201053920821, 2.108201053920821, 2.108201053920821, 2.108201053920821, 2.108201053920821, 2.1082010539208214, 2.108201053920821, 2.108201053920821, 2.108201053920821, 2.108201053920821, 2.108201053920821, 2.108201053920821, 2.1082010539208205, 2.1082010539208205, 2.1082010539208205, 2.1082010539208205, 2.1082010539208214, 2.108201053920822, 2.1082010539208222, 2.1082010539208227, 2.1184503466141833, 2.147638528280418, 2.1917563328199674, 2.2454150619968005, 2.302916675176459, 2.3589815175674107, 2.4089855308002197, 2.4488854122607617, 2.475167174867269, 2.4850669227707662, 2.477073072318096, 2.4514936455904928, 2.4107832795904587, 2.359394341060545, 2.3031048190925496, 2.2480154761769877, 2.199581991492739, 2.162021363482287, 2.1381958199007265, 2.1297925917319622, 2.1374831068808766, 2.1608417955186914, 2.198054200537052, 2.2456729669644786, 2.298732301977135, 2.3513631389632743, 2.397765158948971, 2.433180930926885, 2.454523911940017, 2.460510503476847, 2.4513886695556497, 2.4285102642788914, 2.394006548969764, 2.35070304580267, 2.3022129189358624, 2.2529850552318065, 2.2080577970347495, 2.1724174830184526, 2.150109882560971, 2.1434434935007287]
δ_G2 [2.0703805183979607, 2.0703805183979607, 2.0703805183979607, 2.0703805183979607, 2.0703805183979607, 2.0703805183979607, 2.0703805183979607, 2.070380518397961, 2.070380518397961, 2.0703805183979616, 2.0703805183979616, 2.070380518397961, 2.0703805183979607, 2.0703805183979602, 2.0703805183979607, 2.070380518397961, 2.0703805183979624, 2.0703805183979633, 2.070380518397964, 2.0703805183979638, 2.0703805183979616, 2.0705058414012782, 2.0722248507301835, 2.078533122696546, 2.091727828498926, 2.1113438469343633, 2.133748997481045, 2.153657100508017, 2.1665801820904265, 2.1707397102191464, 2.167432115761586, 2.159824174296053, 2.1509826152368094, 2.142255942168228, 2.1328862620796283, 2.12105819594847, 2.105751192431981, 2.088200848011634, 2.0719380675975585, 2.061266358355201, 2.0590793783560573, 2.0653750425290838, 2.077379850193879, 2.0911757123466566, 2.103789631455378, 2.114450462126394, 2.1242982622774553, 2.134859724586722, 2.1463726819918687, 2.157053240327133, 2.163731228125816, 2.1634488150417375, 2.155108343127942, 2.1402555375613166, 2.122533989557345, 2.1060510154312566, 2.0935357536382715, 2.085357206435218, 2.079988437090499, 2.07558887210477, 2.0716409384358627]
δ_G3 [1.9619783080444975, 1.9619783080444975, 1.9619783080444975, 1.9619783080444975, 1.9619783080444972, 1.9619783080444972, 1.9619783080444975, 1.9619783080444975, 1.9619783080444975, 1.9619783080444975, 1.9619783080444975, 1.9619783080444975, 1.9619783080444977, 1.9619783080444975, 1.9619783080444977, 1.9619783080444977, 1.9619783080444977, 1.9619783080444977, 1.9619783080444975, 1.9619783080444975, 1.9619783080444977, 1.9570244166893147, 1.9425724219158522, 1.919802824754836, 1.890727296601916, 1.858174251236697, 1.8255415040429135, 1.796322538869707, 1.7735537198646067, 1.759376555857306, 1.7548383405108836, 1.759934876489576, 1.773807805582763, 1.7949752148585159, 1.8214970318459773, 1.8510466003708363, 1.880946774199777, 1.908281470381187, 1.930168592738374, 1.9441802836737092, 1.94878256351636, 1.9436205106542412, 1.9295334100349029, 1.9083091318800387, 1.8823016143942202, 1.8540734512651083, 1.8261682959969336, 1.8010087142348434, 1.7808307671262436, 1.7675595556184287, 1.762594029118968, 1.7665525010944825, 1.7790791111705457, 1.7988067346388432, 1.823523996834097, 1.8505197078567186, 1.8770017343252428, 1.900453243209411, 1.918832500450546, 1.9306221077658345, 1.934819397679878]
ω_G1 [0.0, 0.0, 0.0, 0.0, 0.0, 0.0, 0.0, 0.0, 0.0, 0.0, 0.0, 0.0, 0.0, 0.0, 0.0, 0.0, 0.0, 0.0, 0.0, 0.0, 0.0, 0.001287020186727439, 0.0023856729097440077, 0.0031731969646928704, 0.003597590717201671, 0.0036675036421192075, 0.0034219682785676664, 0.002901936192764687, 0.0021407564607756058, 0.0011756459587255463, 6.813817654705012e-5, -0.0010830643402686135, -0.0021476157298363496, -0.002987804183420484, -0.0034928070286525115, -0.003608381763608448, -0.0033472777859414604, -0.0027746300998966467, -0.001977613813523793, -0.0010382530959665015, -2.446380551046623e-5, 0.0009994890859463812, 0.001955691863094744, 0.0027456647239383347, 0.0032639795623827794, 0.0034283805277559587, 0.0032101505378296924, 0.002646770249148611, 0.0018296331892520001, 0.000874549351286058, -0.00010918508240198577, -0.0010375321951566763, -0.0018527431762460633, -0.0025105633955121442, -0.002964766692159504, -0.0031617408795716617, -0.0030519823467384244, -0.002614427185837709, -0.0018796100207666422, -0.0009357723442453558, 8.88814119477388e-5]
ω_G2 [0.0, 0.0, 0.0, 0.0, 0.0, 0.0, 0.0, 0.0, 0.0, 0.0, 0.0, 0.0, 0.0, 0.0, 0.0, 0.0, -1.1102230246251565e-16, -1.1102230246251565e-16, -2.220446049250313e-16, -2.220446049250313e-16, -2.220446049250313e-16, 3.145244170776884e-5, 0.00022196609343883011, 0.0006080262517769164, 0.0010675131287702921, 0.0013897614125004676, 0.0014040080011139544, 0.0010809579745181264, 0.0005452031961872272, -4.2539741784697327e-7, -0.00038483537388167566, -0.000549437366333061, -0.0005615481472127648, -0.0005588236771787436, -0.0006555900199844977, -0.0008629630248420117, -0.001072942547749256, -0.0011224030078976766, -0.0009000294995850089, -0.0004263007323040968, 0.0001476727003135725, 0.0006225856373889282, 0.0008619038627093456, 0.0008616406047885494, 0.0007365948639490583, 0.0006346847840916769, 0.0006373378335717828, 0.0007107586854091519, 0.0007354434989621517, 0.0005889623022530266, 0.0002280232005342775, -0.0002765361152338164, -0.000768388950640686, -0.0010821898411937925, -0.001128472215904397, -0.0009401042016546901, -0.0006500203756506506, -0.0004093667610141072, -0.0002956584708415644, -0.00027070428176179107, -0.00021609303401204372]
ω_G3 [0.0, 0.0, 0.0, 0.0, 0.0, 0.0, 0.0, 0.0, 0.0, 0.0, 0.0, 0.0, 0.0, 0.0, 0.0, 0.0, 0.0, 0.0, 0.0, 0.0, 0.0, -0.0006261113851222522, -0.0012015743492348463, -0.001676202906125246, -0.0019955348307082454, -0.0021126678868463866, -0.0020045760585749584, -0.001682996962969252, -0.0011930859322165643, -0.0006009546748215744, 2.2857419454513916e-5, 0.0006166853224789381, 0.001133766901739719, 0.001540700338787504, 0.0018114564117308607, 0.0019224029719921987, 0.0018533735817589658, 0.0015959407817369708, 0.0011645579335282097, 0.0006028679811818094, -2.066769780550981e-5, -0.000627398663803902, -0.0011468236051176417, -0.0015301627804302775, -0.0017537871622909096, -0.0018132525310231573, -0.0017139851147323082, -0.001465580213725115, -0.00108289267907824, -0.0005917204340699644, -3.3728614291295145e-5, 0.0005340083938893958, 0.001046242448482948, 0.0014417110566125046, 0.0016761543860412953, 0.0017310268881838287, 0.0016138543365971092, 0.0013503848960796372, 0.0009736628116878698, 0.000516767440192023, 1.2706566115294748e-5]
δ_coi [2.0179105455476756, 2.0179105455476756, 2.0179105455476756, 2.0179105455476756, 2.0179105455476756, 2.0179105455476756, 2.0179105455476756, 2.0179105455476756, 2.0179105455476756, 2.0179105455476756, 2.0179105455476756, 2.0179105455476756, 2.0179105455476756, 2.0179105455476756, 2.0179105455476756, 2.0179105455476756, 2.0179105455476756, 2.0179105455476765, 2.0179105455476765, 2.0179105455476765, 2.0179105455476765, 2.017908130814203, 2.017891209107963, 2.0178452406718557, 2.017756514651234, 2.0176144061544448, 2.017414181320187, 2.017158894055661, 2.016859279913648, 2.016531587352436, 2.016194285595135, 2.015864972693788, 2.0155584785599037, 2.015286404175762, 2.015057568868692, 2.0148784189319144, 2.0147526098537245, 2.014679668500287, 2.0146534787402826, 2.0146617460647125, 2.0146872432285785, 2.014710704746536, 2.0147143232153524, 2.014684487849431, 2.0146128779572443, 2.014495969258411, 2.0143338288638923, 2.014129258390211, 2.0138878242146494, 2.0136184947838074, 2.0133340497314247, 2.0130504523786112, 2.012784907194837, 2.01255302741805, 2.0123660559960124, 2.012229158517113, 2.012141361459125, 2.012096927517758, 2.0120872774425136, 2.0121024306396778, 2.012131453363276]
f_coi [50.0, 50.0, 50.0, 50.0, 50.0, 50.0, 50.0, 50.0, 50.0, 50.0, 50.0, 50.0, 50.0, 50.0, 50.0, 50.0, 50.0, 50.0, 50.0, 50.0, 50.0, 49.99997694449177, 49.99990757296126, 49.99979238189982, 49.99963697280388, 49.99945571512706, 49.9992712394013, 49.999109369867504, 49.998992033024436, 49.99893178168565, 49.99893032716469, 49.998981089279944, 49.999073831281606, 49.99919873977392, 49.99934789049946, 49.99951362207843, 49.99968529165835, 49.99984713988056, 49.999979541370244, 50.000063788353636, 50.00008811405886, 50.00005164681465, 49.999964110936574, 49.999841570703765, 49.99970074985467, 49.999555071816324, 49.99941419254312, 49.999286383440825, 49.999181328241676, 49.99911087811302, 49.999086863787326, 49.99911698466739, 49.999200941154974, 49.999328926304656, 49.99948351866243, 49.999644367953266, 49.99979354418624, 49.999918948378905, 50.000014301416215, 50.00007638625964, 50.000101956851374]
== swing ring TripGenerator
t [0.0, 0.05, 0.1, 0.15, 0.2, 0.25, 0.3, 0.35, 0.4, 0.45, 0.5, 0.55, 0.6, 0.65, 0.7, 0.75, 0.8, 0.85, 0.9, 0.95, 1.0, 1.05, 1.1, 1.15, 1.2, 1.25, 1.3, 1.35, 1.4, 1.45, 1.5, 1.55, 1.6, 1.65, 1.7, 1.75, 1.8, 1.85, 1.9, 1.95, 2.0, 2.05, 2.1, 2.15, 2.2, 2.25, 2.3, 2.35, 2.4, 2.45, 2.5, 2.55, 2.6, 2.65, 2.7, 2.75, 2.8, 2.85, 2.9, 2.95, 3.0]
δ_G1 [2.108201053920821, 2.108201053920821, 2.108201053920821, 2.108201053920821, 2.108201053920821, 2.108201053920821, 2.1082010539208214, 2.108201053920821, 2.108201053920821, 2.108201053920821, 2.108201053920821, 2.108201053920821, 2.108201053920821, 2.1082010539208205, 2.1082010539208205, 2.1082010539208205, 2.1082010539208205, 2.1082010539208214, 2.108201053920822, 2.1082010539208222, 2.1082010539208227, 2.1107928176571886, 2.117671426916723, 2.12641424515409, 2.133622850496105, 2.1356412441973522, 2.129305985551222, 2.1125739923708258, 2.0849123706378396, 2.0473885782992705, 2.002451691810113, 1.9534440983716306, 1.9039314159685283, 1.8569814042409865, 1.8145428166425726, 1.7770586074997183, 1.7433966554983293, 1.7111100262601997, 1.676965759315439, 1.6376231659189378, 1.5903148125570015, 1.5333927115187442, 1.466640730115587, 1.3913042484602636, 1.309836690078671, 1.225408739088545, 1.1412707359737861, 1.0600948478071044, 0.9834353320756976, 0.9114232886081133, 0.8427607930860275, 0.7750125560180373, 0.7051277473499049, 0.6300757625454065, 0.5474603032979533, 0.45598989671212004, 0.35572071653733284, 0.2480340356847572, 0.1353559679794633, 0.02067071466214997, -0.09308092486930351]
δ_G2 [2.0703805183979607, 2.0703805183979607, 2.0703805183979607, 2.0703805183979607, 2.0703805183979607, 2.0703805183979607, 2.0703805183979607, 2.070380518397961, 2.070380518397961, 2.0703805183979616, 2.0703805183979616, 2.070380518397961, 2.0703805183979607, 2.0703805183979602, 2.0703805183979607, 2.070380518397961, 2.0703805183979624, 2.0703805183979633, 2.070380518397964, 2.0703805183979638, 2.0703805183979616, 2.0703805183979584, 2.070380518397956, 2.070380518397952, 2.070380518397949, 2.0703805183979456, 2.070380518397943, 2.07038051839794, 2.070380518397937, 2.070380518397934, 2.0703805183979314, 2.0703805183979282, 2.0703805183979247, 2.070380518397921, 2.070380518397917, 2.070380518397914, 2.070380518397911, 2.070380518397907, 2.0703805183979034, 2.0703805183979, 2.0703805183978967, 2.0703805183978936, 2.070380518397891, 2.070380518397888, 2.0703805183978843, 2.0703805183978807, 2.070380518397877, 2.070380518397873, 2.0703805183978696, 2.0703805183978665, 2.0703805183978625, 2.070380518397859, 2.0703805183978554, 2.070380518397852, 2.0703805183978488, 2.0703805183978456, 2.070380518397843, 2.0703805183978394, 2.0703805183978368, 2.0703805183978337, 2.070380518397831]
δ_G3 [1.9619783080444975, 1.9619783080444975, 1.9619783080444975, 1.9619783080444975, 1.9619783080444972, 1.9619783080444972, 1.9619783080444975, 1.9619783080444975, 1.9619783080444975, 1.9619783080444975, 1.9619783080444975, 1.9619783080444975, 1.9619783080444977, 1.9619783080444975, 1.9619783080444977, 1.9619783080444977, 1.9619783080444977, 1.9619783080444977, 1.9619783080444975, 1.9619783080444975, 1.9619783080444977, 1.958384854445513, 1.9480623550347471, 1.932216358185459, 1.9125239054366385, 1.890789507390813, 1.8685848948487969, 1.8469466558881518, 1.8261874928082256, 1.8058510453063399, 1.7848150816273456, 1.7615245321679982, 1.734312489958349, 1.701746547135903, 1.6629279736082652, 1.6176790080099555, 1.5665780014337518, 1.5108362466901386, 1.4520454176571618, 1.3918524962389263, 1.3316325788145884, 1.2722256418090259, 1.2137850131871741, 1.155761373940396, 1.0970228142483889, 1.0360892676365177, 0.9714381155551362, 0.9018202918610614, 0.8265204270612098, 0.7455049412880359, 0.6594266071788694, 0.5694861085731158, 0.47718260881674107, 0.3840089123940196, 0.2911562727450044, 0.19928745597270128, 0.10841867870417973, 0.017928805254097162, -0.07330755398544551, -0.16668734677929692, -0.2635906400747769]
ω_G1 [0.0, 0.0, 0.0, 0.0, 0.0, 0.0, 0.0, 0.0, 0.0, 0.0, 0.0, 0.0, 0.0, 0.0, 0.0, 0.0, 0.0, 0.0, 0.0, 0.0, 0.0, 0.00032000986921998376, 0.0005295170749837208, 0.0005468076537342714, 0.00033140888245042355, -0.00010866819581900611, -0.0007200626994782189, -0.0014160719288230927, -0.0020943511202009546, -0.0026568096862221724, -0.003028537062871206, -0.0031726819451481925, -0.003098238235972217, -0.002858522511821393, -0.0025401510467318866, -0.0022447846930421234, -0.0020677308634337033, -0.002078176184611036, -0.0023053968597729346, -0.002733815880776702, -0.003307495182279463, -0.003942376419828086, -0.004543260007787375, -0.005022312682988361, -0.005316120537637303, -0.00539837297936574, -0.005285466603877409, -0.005033343173771021, -0.00472585257775382, -0.004457097007452671, -0.004311694775530839, -0.0043473450663374935, -0.0045834915458925485, -0.004998361658859363, -0.005534531479029492, -0.006111221164732061, -0.006640486321925265, -0.0070443353342884985, -0.007269961273974834, -0.007300364384928204, -0.007158010222503508]
ω_G2 [0.0, 0.0, 0.0, 0.0, 0.0, 0.0, 0.0, 0.0, 0.0, 0.0, 0.0, 0.0, 0.0, 0.0, 0.0, 0.0, -1.1102230246251565e-16, -1.1102230246251565e-16, -2.220446049250313e-16, -2.220446049250313e-16, -2.220446049250313e-16, -2.220446049250313e-16, -2.220446049250313e-16, -2.220446049250313e-16, -2.220446049250313e-16, -2.220446049250313e-16, -2.220446049250313e-16, -2.220446049250313e-16, -2.220446049250313e-16, -2.220446049250313e-16, -2.220446049250313e-16, -2.220446049250313e-16, -2.220446049250313e-16, -2.220446049250313e-16, -2.220446049250313e-16, -1.1102230246251565e-16, -2.220446049250313e-16, -2.220446049250313e-16, -2.220446049250313e-16, -2.220446049250313e-16, -2.220446049250313e-16, -2.220446049250313e-16, -1.1102230246251565e-16, -2.220446049250313e-16, -2.220446049250313e-16, -2.220446049250313e-16, -2.220446049250313e-16, -2.220446049250313e-16, -2.220446049250313e-16, -2.220446049250313e-16, -3.3306690738754696e-16, -2.220446049250313e-16, -2.220446049250313e-16, -1.1102230246251565e-16, -2.220446049250313e-16, -2.220446049250313e-16, -2.220446049250313e-16, -2.220446049250313e-16, -2.220446049250313e-16, -2.220446049250313e-16, -2.220446049250313e-16]
ω_G3 [0.0, 0.0, 0.0, 0.0, 0.0, 0.0, 0.0, 0.0, 0.0, 0.0, 0.0, 0.0, 0.0, 0.0, 0.0, 0.0, 0.0, 0.0, 0.0, 0.0, 0.0, -0.00045230705443732866, -0.0008489264411751796, -0.0011504775546421486, -0.0013373030240549921, -0.001413000448552526, -0.0014029753008636403, -0.001348724389402478, -0.001299368722667893, -0.0013021089935162378, -0.001393123316047129, -0.001590387026471407, -0.001889883831198258, -0.0022662816722167634, -0.002678176957631062, -0.003076828508007834, -0.003416424516513139, -0.0036635918751980467, -0.003804056397654243, -0.0038450674999293, -0.0038132937851962367, -0.0037489885194559314, -0.003697862558821763, -0.003702201862434751, -0.0037926616486197995, -0.003982139874252111, -0.0042630383829309615, -0.004608730641041392, -0.004979106966268465, -0.005329027005469555, -0.00561779376596383, -0.0058175458062713625, -0.005918739232489645, -0.005931617614369222, -0.005883587493454523, -0.0058133518174442456, -0.005763155676096643, -0.005770567225374279, -0.005861144052586309, -0.00604329659698033, -0.006306486116705812]
δ_coi [2.0179105455476756, 2.0179105455476756, 2.0179105455476756, 2.0179105455476756, 2.0179105455476756, 2.0179105455476756, 2.0179105455476756, 2.0179105455476756, 2.0179105455476756, 2.0179105455476756, 2.0179105455476756, 2.0179105455476756, 2.0179105455476756, 2.0179105455476756, 2.0179105455476756, 2.0179105455476756, 2.0179105455476756, 2.0179105455476765, 2.0179105455476765, 2.0179105455476765, 2.0179105455476765, 2.007814464135786, 2.0030707026721446, 1.995199456661772, 1.984231671401871, 1.9702008814902312, 1.9531430864279617, 1.9330960623149651, 1.9100982639962083, 1.8841875424932364, 1.855399928173108, 1.823768715801609, 1.7893240335292182, 1.7520929872780924, 1.7121003551329055, 1.669369688925554, 1.6239245919411822, 1.5757899049290773, 1.524992555492279, 1.4715619026216324, 1.4155295194878035, 1.356928475228394, 1.2957922727315243, 1.232153657568461, 1.1660435307338857, 1.0974901772966348, 1.0265189654206444, 0.9531525802759941, 0.8774117476064491, 0.7993162971756286, 0.7188863431487585, 0.6361433347714688, 0.5511107618545239, 0.46381437730798286, 0.3742819042756905, 0.28254230161791816, 0.1886247450284456, 0.09255752863701393, -0.00563289821304265, -0.10592257009558441, -0.20829019190002876]
f_coi [50.0, 50.0, 50.0, 50.0, 50.0, 50.0, 50.0, 50.0, 50.0, 50.0, 50.0, 50.0, 50.0, 50.0, 50.0, 50.0, 50.0, 50.0, 50.0, 50.0, 50.0, 49.9899087054996, 49.979906816041115, 49.96999966618751, 49.960195041875714, 49.95050131140049, 49.94092549335766, 49.931471658269, 49.92213995742013, 49.91292643098301, 49.903823611276174, 49.894821812157346, 49.885910872146454, 49.87708201088206, 49.86832941013303, 49.85965117700446, 49.851049482062116, 49.842529849871234, 49.83409976721806, 49.82576692153033, 49.817537450246945, 49.80941455402117, 49.80139772423785, 49.7934827043828, 49.78566217882819, 49.77792706404231, 49.770268163757024, 49.76267785930907, 49.755151479608436, 49.74768805509977, 49.74029029533045, 49.73296380276644, 49.72571570356358, 49.718552999641155, 49.71148099312876, 49.70450209538799, 49.6976152327493, 49.69081593966781, 49.68409711269952, 49.677450287103184, 49.67086719515177]
== classical pair step
t [0.0, 0.05, 0.1, 0.15, 0.2, 0.25, 0.3, 0.35, 0.4, 0.45, 0.5, 0.55, 0.6, 0.65, 0.7, 0.75, 0.8, 0.85, 0.9, 0.95, 1.0, 1.05, 1.1, 1.15, 1.2, 1.25, 1.3, 1.35, 1.4, 1.45, 1.5, 1.55, 1.6, 1.65, 1.7, 1.75, 1.8, 1.85, 1.9, 1.95, 2.0, 2.05, 2.1, 2.15, 2.2, 2.25, 2.3, 2.35, 2.4, 2.45, 2.5, 2.55, 2.6, 2.65, 2.7, 2.75, 2.8, 2.85, 2.9, 2.95, 3.0]
δ_G1 [0.06779135059408394, 0.06875505383391482, 0.07147309889143276, 0.07549659068558728, 0.08022083378387714, 0.08503264189778456, 0.08945762126221096, 0.09327175055464147, 0.09655085560936856, 0.09964692201386162, 0.10309783856937378, 0.10749306941914145, 0.11332824568324537, 0.12088416086567148, 0.13015948453049841, 0.14087306242533554, 0.15253439379839287, 0.16456413050349342, 0.17643450459121796, 0.18779526790678122, 0.19855489444860555, 0.20889810220162006, 0.21923630052810797, 0.2301036961641539, 0.24202473523888762, 0.2553853712968327, 0.2703394674406005, 0.28677285001278985, 0.3043331364256563, 0.3225172001888638, 0.34079413047242935, 0.358733227368897, 0.3761059352041156, 0.39293743289000227, 0.4094961672683003, 0.4262245709964417, 0.4436284192482307, 0.4621520013425862, 0.4820696186795979, 0.5034197380074903, 0.5259973839864753, 0.5494059298380936, 0.5731548962911761, 0.5967792082242749, 0.6199506368069794, 0.6425545768521809, 0.6647140700838329, 0.6867559737724398, 0.7091281508569078, 0.7322882438053466, 0.756591275239269, 0.7822035115941747, 0.8090632896095475, 0.8368978664284654, 0.8652914396650994, 0.8937870880040778, 0.9219973078306324, 0.9496961805311513, 0.9768711788350322, 1.003722603503783, 1.0306114819777261]
δ_G2 [-0.07272664397540111, -0.07271991822349137, -0.0726221771982135, -0.0722216431424365, -0.07122721569533984, -0.06934193712960998, -0.06633681113805949, -0.06210708863149963, -0.0566976954766213, -0.050292104406370094, -0.0431677743614471, -0.03562927054298355, -0.027935494981803706, -0.020238789679572843, -0.01255066959662963, -0.004742274575308772, 0.003420993103359083, 0.012219577876641968, 0.021909589282186455, 0.032659534467104595, 0.04450916583299472, 0.057360052130024375, 0.0709997329267348, 0.08515323964215385, 0.09954924545859697, 0.11398462696287656, 0.1283717320029129, 0.14275697757289624, 0.15730656187289882, 0.17226320669132272, 0.18788488698000405, 0.20438073067149468, 0.22185966540902227, 0.2403040510835192, 0.25957429541937266, 0.27944298170040066, 0.2996499049381769, 0.3199644947797342, 0.34024036368135013, 0.3604487403448919, 0.3806828694341138, 0.40113265171742857, 0.4220360896893473, 0.44361973214865513, 0.4660427405191996, 0.4893580566919109, 0.5134998275734074, 0.5382997743498799, 0.5635282006918629, 0.5889494530109539, 0.6143782454695669, 0.6397230977394395, 0.6650064427828243, 0.6903567452498438, 0.7159749244797359, 0.7420836033349965, 0.768871793471158, 0.7964485151949017, 0.8248164234926144, 0.8538715588649722, 0.8834289384517432]
ω_G1 [0.0, 0.00012071839312532973, 0.00022046878008263882, 0.00028524002414798133, 0.0003096012886023569, 0.00029790111983984957, 0.0002630735832658271, 0.0002233871668479992, 0.00019795547911893863, 0.0002021028706269412, 0.00024369574314109244, 0.0003213142590792195, 0.00042469665681843516, 0.0005373355595825746, 0.000640574536326044, 0.0007181835829763727, 0.0007602816866008055, 0.000765653748948214, 0.00074192384303573, 0.000703583236157268, 0.0006683894762467002, 0.0006530281314485187, 0.0006690861208844545, 0.0007202997138306966, 0.000801732109026565, 0.0009010688538042544, 0.0010017014368093324, 0.0010868266336245824, 0.0011435448283356742, 0.001165948234720604, 0.0011564609187255659, 0.0011251342666924735, 0.0010871064171518174, 0.0010588710734147355, 0.0010542683296299593, 0.0010811619579829124, 0.0011395983489916883, 0.0012218800365533244, 0.0013145261059410718, 0.0014016235259146637, 0.001468735375578012, 0.0015063980535836574, 0.001512357404947151, 0.0014920163844676093, 0.001457019280629801, 0.0014223467032041803, 0.0014026466128234105, 0.0014086898599636744, 0.00144480370910971, 0.00150789247007177, 0.0015882727609421998, 0.0016721056566471049, 0.001744818795813119, 0.0017946654207854351, 0.0018155468493388227, 0.0018084190869651628, 0.0017809637233394682, 0.0017456341146959709, 0.0017165767154014855, 0.001706183073193257, 0.0017221084345666604]
ω_G2 [0.0, 1.7035536419296449e-6, 1.3048760431955131e-5, 4.111831457809245e-5, 8.872808118587372e-5, 0.00015380459043234929, 0.0002299592300376574, 0.000308096779855882, 0.00037865279549809117, 0.00043391489410837814, 0.00046987143923771235, 0.0004871466973901395, 0.000490801203092861, 0.000489052140906665, 0.0004912351245442981, 0.000505515678100199, 0.00053691665815081, 0.0005861408936880252, 0.0006494627648350182, 0.0007196948424730287, 0.0007879760801816627, 0.0008459386217054554, 0.0008877291843065738, 0.000911401426948677, 0.0009193477938784778, 0.0009176716541958729, 0.0009146597382829746, 0.0009187376538712932, 0.0009364157388134231, 0.0009707310887998588, 0.001020558373338476, 0.0010809423237303495, 0.0011443524451937304, 0.0012025409551179589, 0.0012485493515006496, 0.00127838081746523, 0.001291938069871934, 0.0012930059448910125, 0.0012882878355724436, 0.0012857399257277802, 0.0012926179007561878, 0.0013137199834258872, 0.0013502535213532063, 0.0013995926316481277, 0.0014559689429685108, 0.001511912475973931, 0.0015600827333741574, 0.001595046493684027, 0.0016145741214812492, 0.0016201465750240729, 0.001616555121286778, 0.0016106983886827742, 0.00160987706619653, 0.0016200114529008047, 0.0016442194236665486, 0.0016820971952173913, 0.0017298667930201184, 0.0017813388511751516, 0.0018294442082544826, 0.001867958302756989, 0.0018930002154153858]
δ_coi [-0.025887312452239433, -0.025561594204355977, -0.024590418501664747, -0.02298223186642857, -0.020744532535600848, -0.01788374412047847, -0.014405333671302674, -0.010314142236119261, -0.0056148451146246815, -0.0003124289329595261, 0.005587429948826527, 0.012078176111058119, 0.019152418573212655, 0.0268021938355086, 0.03501938177907972, 0.04379617109157267, 0.05312546000170368, 0.06300109541892578, 0.07341789438519694, 0.08437144561366347, 0.09585774203819833, 0.10787273548722293, 0.12041192212719252, 0.1334700584828205, 0.14704107538536051, 0.1611182084075286, 0.17569431048214212, 0.19076226838619412, 0.2063154200571513, 0.2223478711905031, 0.23885463481081246, 0.25583156290396214, 0.2732750886740534, 0.2911818450190136, 0.30954825270234854, 0.32837017813241437, 0.34764274304152815, 0.3673603303006849, 0.3875167820140994, 0.408105739565758, 0.42912104095156767, 0.45055707775765025, 0.4724090252232902, 0.49467289084052835, 0.5173453726151263, 0.5404235634120008, 0.5639045750768826, 0.5877851741573998, 0.6120615174135445, 0.6367290499424182, 0.6617825887261343, 0.6872165690243512, 0.7130253917250653, 0.7392037856427176, 0.7657470962081905, 0.7926514315580235, 0.8199136315909828, 0.8475310703069849, 0.875501341940087, 0.9038219070779091, 0.9324897862937375]
f_coi [50.0, 50.00206875834016, 50.00410943834911, 50.006124610888406, 50.0081176241829, 50.01009183834507, 50.01204986738902, 50.013993012109324, 50.015921017835254, 50.01783221098073, 50.01972397702694, 50.02159346089766, 50.02343831771674, 50.02525733068993, 50.027050746423576, 50.028820248986285, 50.03056858338171, 50.0322989256054, 50.03401415621176, 50.03571621535172, 50.037405693943505, 50.03908175624766, 50.04074240815829, 50.042385042795466, 50.04400712827972, 50.04560686936993, 50.047183681889585, 50.04873836568945, 50.050272938432705, 50.05179017353867, 50.053292961090044, 50.05478364856922, 50.056263521792324, 50.057732549727504, 50.05918945054385, 50.0606320598819, 50.0620579081456, 50.063464865438924, 50.06485169628476, 50.06621838962284, 50.06756618628484, 50.06889730034059, 50.07021440746089, 50.07152002746273, 50.07281595277612, 50.0741028609192, 50.07538020132619, 50.07664638078886, 50.077899199201205, 50.079136427002005, 50.08035638339193, 50.081558373900215, 50.08274288213676, 50.08391147210979, 50.08506642827787, 50.08621022462333, 50.08734495515633, 50.088471863617436, 50.089591085531836, 50.09070166131179, 50.091801814423285]
== sauer_pai ring TripLine
t [0.0, 0.05, 0.1, 0.15, 0.2, 0.25, 0.3, 0.35, 0.4, 0.45, 0.5, 0.55, 0.6, 0.65, 0.7, 0.75, 0.8, 0.85, 0.9, 0.95, 1.0, 1.05, 1.1, 1.15, 1.2, 1.25, 1.3, 1.35, 1.4, 1.45, 1.5, 1.55, 1.6, 1.65, 1.7, 1.75, 1.8, 1.85, 1.9, 1.95, 2.0, 2.05, 2.1, 2.15, 2.2, 2.25, 2.3, 2.35, 2.4, 2.45, 2.5, 2.55, 2.6, 2.65, 2.7, 2.75, 2.8, 2.85, 2.9, 2.95, 3.0]
δ_G1 [7.375144743766198e-25, -3.129304449593121e-19, -8.500009935656015e-19, 1.1417074017507457e-18, 4.642854499423024e-18, 8.565835619551935e-18, 1.1774137903093657e-17, 1.6994639642183956e-17, 1.1747057267362078e-17, -1.740368851397666e-18, -2.1223666182597292e-17, -4.4909673513073925e-17, -7.145604094799969e-17, -9.997122991088199e-17, -1.3001451314356312e-16, -1.6159597470622064e-16, -1.951765099773671e-16, -2.316678256538501e-16, -2.724324397508525e-16, -3.1928368160189217e-16, -3.744856918588221e-16, 0.007332934217901492, 0.028567211074123074, 0.06169818682196618, 0.10382044438628693, 0.15150492072408914, 0.2011964416797881, 0.2495572767973704, 0.293705548018438, 0.3313318619004455, 0.3607105078540927, 0.38064350796454965, 0.3903833212667742, 0.3895744277228403, 0.37823913947299453, 0.356813477091089, 0.3262193060791161, 0.2879428811967556, 0.2440804031466872, 0.1973106113337762, 0.15076498862338858, 0.10778852380034395, 0.0716146045759011, 0.045007048594206026, 0.02993835066709754, 0.027368503753567825, 0.03716546269869937, 0.058175750148446254, 0.08842179756300397, 0.1253786153956293, 0.16627122570322686, 0.2083384143899557, 0.2490259726188855, 0.28609730877300554, 0.3176729148424274, 0.34222607385846454, 0.3585673267321386, 0.3658450554058354, 0.3635771649760629, 0.3517135332329835, 0.33071465048009585]
δ_G2 [-0.08415833000249866, -0.08415833000249864, -0.08415833000249864, -0.08415833000249863, -0.08415833000249863, -0.08415833000249867, -0.0841583300024987, -0.08415833000249867, -0.08415833000249866, -0.08415833000249867, -0.08415833000249867, -0.0841583300024987, -0.08415833000249873, -0.08415833000249874, -0.08415833000249877, -0.0841583300024988, -0.08415833000249881, -0.08415833000249882, -0.08415833000249882, -0.08415833000249882, -0.08415833000249881, -0.08411380729558868, -0.08349670513752575, -0.08106195723053335, -0.07529260202121532, -0.06500610685054857, -0.049881400264875135, -0.030734749207264395, -0.009462331393017765, 0.011319999955229426, 0.028820346393456143, 0.04064292175646171, 0.04525191579359868, 0.04223909296500348, 0.032360144635370965, 0.01734735380208021, -0.00046105570902060285, -0.01860432045451004, -0.03499578021740403, -0.048315608333163465, -0.05819268821542116, -0.06511731194951959, -0.07010597891370511, -0.07422283859623725, -0.07811424444168868, -0.08171051690734922, -0.08419366395244782, -0.0842429837878307, -0.08048107627419453, -0.07197787622093771, -0.0586506546611279, -0.04143191744596398, -0.022154117998324004, -0.003191306547546639, 0.013031379042109794, 0.02452280015894473, 0.03008739197040844, 0.029493659837839786, 0.02343430594738381, 0.01330668337009834, 0.0008717666246798298]
δ_G3 [-0.32539136763531384, -0.32539136763531384, -0.32539136763531384, -0.3253913676353139, -0.3253913676353139, -0.3253913676353139, -0.3253913676353139, -0.32539136763531384, -0.3253913676353139, -0.3253913676353139, -0.3253913676353139, -0.325391367635314, -0.325391367635314, -0.325391367635314, -0.32539136763531407, -0.32539136763531407, -0.325391367635314, -0.325391367635314, -0.32539136763531396, -0.32539136763531396, -0.3253913676353139, -0.32892318168307194, -0.33927257088420776, -0.3557818962378337, -0.377423755222329, -0.4028364460340926, -0.43038880545570773, -0.4582795708149924, -0.4846662654327337, -0.507808347081458, -0.5262037962745151, -0.5387001742180001, -0.5445690730882294, -0.5435420749210327, -0.5358121222095922, -0.5220051603213032, -0.5031253139744247, -0.4804762643842255, -0.4555637514856837, -0.42998810537160603, -0.40533845759544224, -0.38309942581488804, -0.3645765081301525, -0.35084023759063615, -0.3426841766090623, -0.34059026503886286, -0.34469755337547675, -0.35477591542763554, -0.37021252769398694, -0.3900227678879205, -0.4128963664282637, -0.43728345885427894, -0.46151523034473035, -0.48394375809078083, -0.5030797862509654, -0.517708206420279, -0.5269681615290713, -0.5303940493903121, -0.5279210026783927, -0.5198617279286885, -0.5068618000391547]
ω_G1 [0.0, 0.0, 0.0, 0.0, 0.0, 0.0, 0.0, 0.0, 0.0, 0.0, 0.0, 0.0, 0.0, 0.0, 0.0, 0.0, 0.0, 0.0, 0.0, 0.0, 0.0, 0.0009247780827039698, 0.0017572780654067088, 0.002429848964537351, 0.0028965063081975995, 0.0031367756346343256, 0.0031544754775290063, 0.002972318652048056, 0.002624304707443681, 0.0021481826576883467, 0.0015798001301294828, 0.0009502825529312808, 0.0002860727466234003, -0.0003888677878410851, -0.0010498408508086143, -0.0016684674531691757, -0.0022111884158668715, -0.0026400516803875007, -0.0029161337548712085, -0.003005297594191103, -0.002885230372720038, -0.002552004906048566, -0.002024124872854416, -0.0013424844155163207, -0.0005658503068506349, 0.00023716752048041911, 0.0009977643558489735, 0.0016560630295694434, 0.0021678681520242993, 0.0025078909886673273, 0.0026692136376338382, 0.0026597307729756547, 0.002497001632347562, 0.002203135043763904, 0.001801017833312546, 0.0013125686401520564, 0.0007589946485291321, 0.00016245078425503046, -0.00045182673254551275, -0.0010538906671823112, -0.0016087625030867247]
ω_G2 [0.0, 0.0, 0.0, 0.0, 0.0, 0.0, 0.0, 0.0, 0.0, 0.0, 0.0, 0.0, 0.0, 0.0, 0.0, 0.0, 0.0, 0.0, 0.0, 0.0, 0.0, 1.1078245963691558e-5, 8.124407933940425e-5, 0.0002455288074358908, 0.0005021823086877042, 0.0008112474011865434, 0.001105762944321409, 0.001311543484207034, 0.0013685880548921503, 0.0012472489852610735, 0.0009550387023051776, 0.0005336740052654942, 4.879267790580677e-5, -0.00042417414748185944, -0.0008148685862323646, -0.0010712817401523633, -0.0011695004278882148, -0.001117997667353654, -0.0009548213114828341, -0.0007372699306124053, -0.0005258934633065593, -0.0003670953849597147, -0.00027989104394687825, -0.0002514740667672877, -0.0002432918992677502, -0.00020564758749885836, -9.600742556237218e-5, 0.00010490330790324798, 0.000384390955437075, 0.0006993341684635723, 0.0009875172099202967, 0.0011849993071564313, 0.0012437943277323615, 0.0011443609453682946, 0.000899654608915279, 0.0005506124576815097, 0.00015548419816213688, -0.00022348867255539417, -0.0005328122867387375, -0.0007375689854735024, -0.0008268706122500635]
ω_G3 [0.0, 0.0, 0.0, 0.0, 0.0, 0.0, 0.0, 0.0, 0.0, 0.0, 0.0, 0.0, 0.0, 0.0, 0.0, 0.0, 0.0, 0.0, 0.0, 0.0, 0.0, -0.0004468019991338279, -0.0008639290466261329, -0.0012271666675367499, -0.0015138444030268206, -0.001704386527356383, -0.0017844376458430178, -0.0017470203578365817, -0.0015940222487670352, -0.0013364626320275796, -0.000993411772380326, -0.0005899104174431624, -0.00015449234475428675, 0.0002831760843158282, 0.0006943320922367935, 0.0010528866847800966, 0.001337032692679152, 0.0015306415726723532, 0.0016242240681434428, 0.0016152071226174236, 0.001507452091564776, 0.0013101991984094674, 0.0010368097480328853, 0.0007036904972099745, 0.00032962450133200427, -6.452390525590879e-5, -0.000456006811078824, -0.0008206980632283756, -0.001134257128724614, -0.0013740665029106092, -0.0015217154887884332, -0.0015654870877255256, -0.0015021634575281828, -0.001337599323969707, -0.0010858972618318363, -0.0007674742167431692, -0.00040659500523620995, -2.8939990060150578e-5, 0.00034045178355102124, 0.0006787727232042684, 0.0009666093230575878]
E′q_G1 [1.05, 1.05, 1.05, 1.05, 1.05, 1.05, 1.05, 1.05, 1.05, 1.05, 1.0499999999999998, 1.05, 1.05, 1.05, 1.05, 1.05, 1.05, 1.05, 1.05, 1.05, 1.05, 1.05, 1.05, 1.05, 1.05, 1.05, 1.05, 1.05, 1.05, 1.05, 1.05, 1.05, 1.05, 1.05, 1.05, 1.05, 1.05, 1.05, 1.05, 1.05, 1.05, 1.05, 1.05, 1.05, 1.05, 1.05, 1.05, 1.05, 1.05, 1.05, 1.05, 1.05, 1.05, 1.05, 1.05, 1.05, 1.05, 1.05, 1.0499999999999998, 1.05, 1.05]
E′q_G2 [1.03, 1.03, 1.03, 1.03, 1.03, 1.03, 1.03, 1.03, 1.03, 1.03, 1.03, 1.03, 1.03, 1.03, 1.03, 1.03, 1.03, 1.03, 1.03, 1.03, 1.03, 1.03, 1.03, 1.03, 1.03, 1.03, 1.03, 1.03, 1.03, 1.03, 1.03, 1.03, 1.03, 1.03, 1.03, 1.03, 1.03, 1.03, 1.03, 1.03, 1.03, 1.03, 1.03, 1.03, 1.03, 1.03, 1.03, 1.03, 1.03, 1.03, 1.03, 1.03, 1.03, 1.03, 1.03, 1.03, 1.03, 1.03, 1.03, 1.03, 1.03]
E′q_G3 [1.04, 1.04, 1.04, 1.04, 1.04, 1.04, 1.04, 1.04, 1.04, 1.04, 1.04, 1.04, 1.04, 1.04, 1.04, 1.04, 1.04, 1.04, 1.04, 1.04, 1.04, 1.04, 1.04, 1.04, 1.04, 1.04, 1.04, 1.04, 1.04, 1.04, 1.04, 1.04, 1.04, 1.04, 1.04, 1.04, 1.04, 1.04, 1.04, 1.04, 1.04, 1.04, 1.04, 1.04, 1.04, 1.04, 1.04, 1.04, 1.04, 1.04, 1.04, 1.04, 1.04, 1.04, 1.04, 1.04, 1.04, 1.04, 1.04, 1.04, 1.04]
E′d_G1 [0.0, 0.0, 0.0, 0.0, 0.0, 0.0, 0.0, 0.0, 0.0, 0.0, 0.0, 0.0, 0.0, 0.0, 0.0, 0.0, 0.0, 0.0, 0.0, 0.0, 0.0, 0.0, 0.0, 0.0, 0.0, 0.0, 0.0, 0.0, 0.0, 0.0, 0.0, 0.0, 0.0, 0.0, 0.0, 0.0, 0.0, 0.0, 0.0, 0.0, 0.0, 0.0, 0.0, 0.0, 0.0, 0.0, 0.0, 0.0, 0.0, 0.0, 0.0, 0.0, 0.0, 0.0, 0.0, 0.0, 0.0, 0.0, 0.0, 0.0, 0.0]
E′d_G2 [3.469446951953614e-18, 3.469446951953614e-18, 3.469446951953614e-18, 3.469446951953614e-18, 3.469446951953614e-18, 3.469446951953614e-18, 3.469446951953614e-18, 3.469446951953614e-18, 3.469446951953614e-18, 3.469446951953614e-18, 3.469446951953614e-18, 3.469446951953614e-18, 3.469446951953614e-18, 3.469446951953614e-18, 3.469446951953614e-18, 3.469446951953614e-18, 3.469446951953614e-18, 3.469446951953614e-18, 3.469446951953614e-18, 3.469446951953614e-18, 3.469446951953614e-18, 3.469446951953614e-18, 3.469446951953614e-18, 3.469446951953614e-18, 3.469446951953614e-18, 3.469446951953614e-18, 3.469446951953614e-18, 3.469446951953614e-18, 3.469446951953614e-18, 3.469446951953614e-18, 3.469446951953614e-18, 3.469446951953614e-18, 3.469446951953614e-18, 3.469446951953614e-18, 3.469446951953614e-18, 3.469446951953614e-18, 3.469446951953614e-18, 3.469446951953614e-18, 3.469446951953614e-18, 3.469446951953614e-18, 3.469446951953614e-18, 3.469446951953614e-18, 3.469446951953614e-18, 3.469446951953614e-18, 3.469446951953614e-18, 3.469446951953614e-18, 3.469446951953614e-18, 3.469446951953614e-18, 3.469446951953614e-18, 3.469446951953614e-18, 3.469446951953614e-18, 3.469446951953614e-18, 3.469446951953614e-18, 3.469446951953614e-18, 3.469446951953614e-18, 3.469446951953614e-18, 3.469446951953614e-18, 3.469446951953614e-18, 3.469446951953614e-18, 3.469446951953614e-18, 3.469446951953614e-18]
E′d_G3 [-2.7755575615628914e-17, -2.7755575615628914e-17, -2.7755575615628914e-17, -2.7755575615628914e-17, -2.7755575615628914e-17, -2.7755575615628914e-17, -2.7755575615628914e-17, -2.7755575615628914e-17, -2.7755575615628914e-17, -2.7755575615628914e-17, -2.7755575615628914e-17, -2.7755575615628914e-17, -2.7755575615628914e-17, -2.7755575615628914e-17, -2.7755575615628914e-17, -2.7755575615628914e-17, -2.7755575615628914e-17, -2.7755575615628914e-17, -2.7755575615628914e-17, -2.7755575615628914e-17, -2.7755575615628914e-17, -2.7755575615628914e-17, -2.7755575615628914e-17, -2.7755575615628914e-17, -2.7755575615628914e-17, -2.7755575615628914e-17, -2.7755575615628914e-17, -2.7755575615628914e-17, -2.7755575615628914e-17, -2.7755575615628914e-17, -2.7755575615628914e-17, -2.7755575615628914e-17, -2.7755575615628914e-17, -2.7755575615628914e-17, -2.7755575615628914e-17, -2.7755575615628914e-17, -2.7755575615628914e-17, -2.7755575615628914e-17, -2.7755575615628914e-17, -2.7755575615628914e-17, -2.7755575615628914e-17, -2.7755575615628914e-17, -2.7755575615628914e-17, -2.7755575615628914e-17, -2.7755575615628914e-17, -2.7755575615628914e-17, -2.7755575615628914e-17, -2.7755575615628914e-17, -2.7755575615628914e-17, -2.7755575615628914e-17, -2.7755575615628914e-17, -2.7755575615628914e-17, -2.7755575615628914e-17, -2.7755575615628914e-17, -2.7755575615628914e-17, -2.7755575615628914e-17, -2.7755575615628914e-17, -2.7755575615628914e-17, -2.7755575615628914e-17, -2.7755575615628914e-17, -2.7755575615628914e-17]
Efd_G1 [1.05, 1.05, 1.05, 1.05, 1.05, 1.05, 1.05, 1.05, 1.05, 1.05, 1.05, 1.05, 1.05, 1.05, 1.05, 1.05, 1.05, 1.05, 1.05, 1.05, 1.05, 1.05, 1.05, 1.05, 1.05, 1.05, 1.05, 1.05, 1.05, 1.05, 1.05, 1.05, 1.05, 1.05, 1.05, 1.05, 1.05, 1.05, 1.05, 1.05, 1.05, 1.05, 1.05, 1.05, 1.05, 1.05, 1.05, 1.05, 1.05, 1.05, 1.05, 1.05, 1.05, 1.05, 1.05, 1.05, 1.05, 1.05, 1.05, 1.05, 1.05]
Efd_G2 [1.03, 1.03, 1.03, 1.03, 1.03, 1.03, 1.03, 1.03, 1.03, 1.03, 1.03, 1.03, 1.03, 1.03, 1.03, 1.03, 1.03, 1.03, 1.03, 1.03, 1.03, 1.03, 1.03, 1.03, 1.03, 1.03, 1.03, 1.03, 1.03, 1.03, 1.03, 1.03, 1.03, 1.03, 1.03, 1.03, 1.03, 1.03, 1.03, 1.03, 1.03, 1.03, 1.03, 1.03, 1.03, 1.03, 1.03, 1.03, 1.03, 1.03, 1.03, 1.03, 1.03, 1.03, 1.03, 1.03, 1.03, 1.03, 1.03, 1.03, 1.03]
Efd_G3 [1.04, 1.04, 1.04, 1.04, 1.04, 1.04, 1.04, 1.04, 1.04, 1.04, 1.04, 1.04, 1.04, 1.04, 1.04, 1.04, 1.04, 1.04, 1.04, 1.04, 1.04, 1.04, 1.04, 1.04, 1.04, 1.04, 1.04, 1.04, 1.04, 1.04, 1.04, 1.04, 1.04, 1.04, 1.04, 1.04, 1.04, 1.04, 1.04, 1.04, 1.04, 1.04, 1.04, 1.04, 1.04, 1.04, 1.04, 1.04, 1.04, 1.04, 1.04, 1.04, 1.04, 1.04, 1.04, 1.04, 1.04, 1.04, 1.04, 1.04, 1.04]
V_B1 [1.036763601140228, 1.036763601140228, 1.036763601140228, 1.036763601140228, 1.0367636011402281, 1.0367636011402281, 1.0367636011402277, 1.036763601140228, 1.036763601140228, 1.036763601140228, 1.0367636011402277, 1.036763601140228, 1.0367636011402277, 1.036763601140228, 1.036763601140228, 1.036763601140228, 1.036763601140228, 1.0367636011402281, 1.0367636011402281, 1.0367636011402281, 1.036763601140228, 1.0433386574371801, 1.0432105660163886, 1.0423510539751937, 1.0406733908476151, 1.0382126595386592, 1.0351424466399426, 1.0317327459824948, 1.0282823578370537, 1.025062899984231, 1.0222920358144032, 1.0201322865391997, 1.0187019392866956, 1.0180853952588236, 1.0183349845751224, 1.019460740968086, 1.0214098566169754, 1.0240450298745765, 1.027137951031318, 1.030393778288158, 1.03350897019942, 1.0362423106540015, 1.0384630263441896, 1.0401475490627545, 1.0413274833968518, 1.042023814218619, 1.0422100351017247, 1.0418238631574235, 1.0408127383592787, 1.0391791759920945, 1.0369997095199117, 1.0344138990547258, 1.0315981087812056, 1.028740879166208, 1.0260280653989122, 1.0236367584010801, 1.0217329079525277, 1.0204671937682337, 1.0199644701704285, 1.020304185191772, 1.0214941621015063]
V_B2 [1.029715595755275, 1.029715595755275, 1.0297155957552753, 1.0297155957552753, 1.0297155957552744, 1.029715595755274, 1.0297155957552748, 1.029715595755275, 1.029715595755275, 1.029715595755275, 1.029715595755275, 1.0297155957552753, 1.029715595755275, 1.0297155957552753, 1.0297155957552753, 1.0297155957552753, 1.0297155957552753, 1.0297155957552753, 1.0297155957552753, 1.0297155957552753, 1.029715595755275, 1.029509627428789, 1.0286710800786172, 1.0270959041210386, 1.0246681342181723, 1.021338222966824, 1.0171749886338042, 1.0123844919585225, 1.007303447787532, 1.0023708612569582, 0.9980749288222684, 0.9948777011647142, 0.9931337441210908, 0.9930267240575157, 0.994542184097701, 0.9974802153719273, 1.0014980022603603, 1.0061665131695627, 1.0110293714240113, 1.0156601115533288, 1.0197171454916496, 1.0229885570638195, 1.0254086644372402, 1.0270308123082408, 1.0279618273715436, 1.028288182961558, 1.0280299222561702, 1.0271399131684549, 1.0255393705787488, 1.0231669900537494, 1.0200240099216518, 1.0162083886654767, 1.011934248563522, 1.0075282482357486, 1.0033947795551583, 0.9999531421244835, 0.9975643636639512, 0.9964706030175016, 0.9967624251384558, 0.9983758270549394, 1.0011113797503257]
V_B3 [1.0300045477227908, 1.0300045477227908, 1.0300045477227908, 1.0300045477227908, 1.030004547722791, 1.030004547722791, 1.0300045477227908, 1.0300045477227908, 1.0300045477227908, 1.0300045477227908, 1.0300045477227908, 1.030004547722791, 1.0300045477227908, 1.0300045477227908, 1.0300045477227908, 1.030004547722791, 1.030004547722791, 1.030004547722791, 1.0300045477227908, 1.0300045477227908, 1.0300045477227908, 1.0317085516986497, 1.030562650750743, 1.0287814642296047, 1.0262660168306257, 1.0229434788989147, 1.0188274636689207, 1.014072720128038, 1.009005633405629, 1.0041093130779422, 0.9999527794283616, 0.9970771363903127, 0.9958735046113056, 0.9964933814882001, 0.9988195880936023, 1.0025034191019042, 1.0070516428108738, 1.0119331463463266, 1.0166734554408285, 1.020915829957699, 1.0244436215890027, 1.0271707498683047, 1.0291109692144402, 1.030335556432553, 1.0309285446108947, 1.0309493062908903, 1.0304108317168492, 1.0292775693624743, 1.0274824172355943, 1.0249608657837053, 1.0216988999559347, 1.0177852595462165, 1.013449275619986, 1.0090615193142507, 1.005084790453901, 1.0019849618254963, 1.0001311476442172, 0.9997195657983128, 1.0007437512228106, 1.003014243829719, 1.006214108038002]
δ_coi [-0.2009240504859962, -0.2009240504859962, -0.2009240504859962, -0.20092405048599626, -0.20092405048599626, -0.20092405048599626, -0.20092405048599626, -0.2009240504859962, -0.20092405048599626, -0.20092405048599626, -0.20092405048599626, -0.20092405048599637, -0.20092405048599637, -0.20092405048599637, -0.2009240504859964, -0.20092405048599646, -0.2009240504859964, -0.2009240504859964, -0.2009240504859964, -0.2009240504859964, -0.20092405048599637, -0.20092481802873285, -0.20092995279164816, -0.20094281180152204, -0.20096521302442036, -0.20099741263410548, -0.20103840087963928, -0.2010862893965105, -0.20113869878965565, -0.20119317056976105, -0.20124759847100063, -0.201300575100852, -0.20135152272657794, -0.2014005623851561, -0.20144819799422428, -0.20149495721225652, -0.20154110489919413, -0.20158646413887515, -0.20163031699270395, -0.2016713708903213, -0.20170785362088184, -0.20173784259221375, -0.20175984469361, -0.20177345088867105, -0.20177975985747718, -0.20178134145053145, -0.2017817503655166, -0.2017848089915469, -0.20179390881950682, -0.2018114667389788, -0.20183856698220087, -0.20187481403147184, -0.2019184603530599, -0.20196683921578454, -0.2020170093933104, -0.2020664063546915, -0.2021132968748528, -0.20215694443862187, -0.20219751747820375, -0.2022358302139725, -0.20227299059231715]
f_coi [50.0, 50.0, 50.0, 50.0, 50.0, 50.0, 50.0, 50.0, 50.0, 50.0, 50.0, 50.0, 50.0, 50.0, 50.0, 50.0, 50.0, 50.0, 50.0, 50.0, 50.0, 49.99999274010452, 49.99997276173868, 49.9999444113147, 49.99991285985445, 49.99988270795212, 49.99985737470954, 49.99983904160919, 49.9998286379064, 49.999825720933885, 49.99982853426265, 49.999834504919406, 49.99984107024193, 49.99984644624292, 49.99985000067305, 49.99985217120995, 49.999854132278195, 49.99985748040469, 49.99986403346074, 49.99987556668775, 49.999893229112374, 49.99991668462546, 49.99994348716615, 49.99996930819005, 49.99998913657615, 49.99999886870857, 49.99999646213935, 49.99998223793203, 49.99995852946372, 49.99992910965352, 49.99989858103653, 49.99987161386687, 49.999851975716695, 49.999841631509454, 49.999840360590056, 49.99984609652248, 49.99985577423304, 49.99986625305142, 49.99987500009046, 49.999880483908235, 49.99988239461151]
== sauer_pai load bus flat
t [0.0, 0.05, 0.1, 0.15, 0.2, 0.25, 0.3, 0.35, 0.4, 0.45, 0.5, 0.55, 0.6, 0.65, 0.7, 0.75, 0.8, 0.85, 0.9, 0.95, 1.0, 1.05, 1.1, 1.15, 1.2, 1.25, 1.3, 1.35, 1.4, 1.45, 1.5, 1.55, 1.6, 1.65, 1.7, 1.75, 1.8, 1.85, 1.9, 1.95, 2.0, 2.05, 2.1, 2.15, 2.2, 2.25, 2.3, 2.35, 2.4, 2.45, 2.5, 2.55, 2.6, 2.65, 2.7, 2.75, 2.8, 2.85, 2.9, 2.95, 3.0]
δ_G1 [7.05347828180794e-25, -4.902612373744956e-19, 1.5762860313674674e-18, 5.786852394224995e-19, -6.591611468244246e-18, -1.2670344570715975e-17, -1.5486141550121692e-17, -1.416557929437569e-17, -9.133184097177533e-18, -2.1114316580121232e-18, 3.879252917850408e-18, 4.5204951193545765e-18, -5.804028970340335e-18, 2.3890020300542466e-17, 4.523780028113469e-17, 5.3879658950209834e-17, 5.1438898228978516e-17, 3.9466011365028326e-17, 1.9438682932323603e-17, -7.238211168794286e-18, -3.9232603711607315e-17, -7.52852361430204e-17, -1.1420965858356176e-16, -1.5489222982738252e-16, -1.9629211734225742e-16, -2.374412972695836e-16, -2.774445544243821e-16, -3.154794822952964e-16, -3.5079648304459377e-16, -3.8271876750816433e-16, -4.106423551955209e-16, -4.3403607428980033e-16, -4.524415616477618e-16, -4.654732627997884e-16, -4.728184319498853e-16, -4.742371319756817e-16, -4.6956223442843e-16, -4.586994195330048e-16, -4.4162717618790497e-16, -4.183968019652518e-16, -3.891324031107894e-16, -3.5403089454388614e-16, -3.1336199985753257e-16, -2.674682513183431e-16, -2.1676498986655413e-16, -1.6174036511602684e-16, -1.0295533535424449e-16, -4.104366754231303e-17, 2.328806268503723e-17, 8.926047101945432e-17, 1.5602136447896084e-16, 2.226457414079586e-16, 2.881357914772255e-16, 3.5142089568391557e-16, 4.113576263515612e-16, 4.667297471300694e-16, 5.162482129957263e-16, 5.585511702511939e-16, 5.67618722447509e-16, 5.745141644658931e-16, 5.696377903107137e-16]
δ_G2 [-0.05315208074180797, -0.05315208074180797, -0.05315208074180797, -0.053152080741807974, -0.05315208074180797, -0.05315208074180797, -0.05315208074180796, -0.05315208074180796, -0.05315208074180797, -0.05315208074180798, -0.05315208074180799, -0.053152080741808, -0.053152080741808, -0.05315208074180795, -0.053152080741807904, -0.053152080741807876, -0.05315208074180786, -0.05315208074180787, -0.053152080741807876, -0.05315208074180789, -0.05315208074180792, -0.053152080741807946, -0.05315208074180799, -0.05315208074180803, -0.05315208074180807, -0.05315208074180811, -0.05315208074180816, -0.0531520807418082, -0.053152080741808244, -0.053152080741808286, -0.05315208074180832, -0.053152080741808355, -0.05315208074180838, -0.05315208074180841, -0.053152080741808425, -0.053152080741808445, -0.05315208074180845, -0.05315208074180845, -0.05315208074180845, -0.05315208074180844, -0.053152080741808425, -0.0531520807418084, -0.05315208074180836, -0.05315208074180833, -0.053152080741808286, -0.05315208074180824, -0.053152080741808175, -0.05315208074180812, -0.05315208074180806, -0.05315208074180799, -0.05315208074180791, -0.05315208074180784, -0.053152080741807765, -0.05315208074180768, -0.0531520807418076, -0.05315208074180753, -0.053152080741807446, -0.05315208074180737, -0.053152080741807356, -0.05315208074180735, -0.05315208074180734]
ω_G1 [0.0, 0.0, 0.0, 0.0, 0.0, 0.0, 0.0, 0.0, 0.0, 0.0, 0.0, 0.0, 0.0, 0.0, 0.0, 0.0, 0.0, 0.0, 0.0, 0.0, 0.0, 0.0, 0.0, 0.0, 0.0, 0.0, 0.0, 0.0, 0.0, 0.0, 0.0, 0.0, 0.0, 0.0, 0.0, 0.0, 0.0, 0.0, 0.0, 0.0, 0.0, 0.0, 0.0, 0.0, 0.0, 0.0, 0.0, 0.0, 0.0, 0.0, 0.0, 0.0, 0.0, 0.0, 0.0, 0.0, 0.0, 0.0, 0.0, 0.0, 0.0]
ω_G2 [0.0, 0.0, 0.0, 0.0, 0.0, 0.0, 0.0, 0.0, 0.0, 0.0, 0.0, 0.0, 0.0, 0.0, 0.0, 0.0, 0.0, 0.0, 0.0, 0.0, 0.0, 0.0, 0.0, 0.0, 0.0, 0.0, 0.0, 0.0, 0.0, 0.0, 0.0, 0.0, 0.0, 0.0, 0.0, 0.0, 0.0, 0.0, 0.0, 0.0, 0.0, 0.0, 0.0, 0.0, 0.0, 0.0, 0.0, 0.0, 0.0, 0.0, 0.0, 0.0, 0.0, 0.0, 0.0, 0.0, 0.0, 0.0, 0.0, 0.0, 0.0]
E′q_G1 [1.05, 1.05, 1.05, 1.05, 1.05, 1.05, 1.05, 1.0500000000000003, 1.05, 1.05, 1.05, 1.05, 1.05, 1.05, 1.05, 1.05, 1.05, 1.05, 1.05, 1.05, 1.05, 1.05, 1.05, 1.05, 1.05, 1.05, 1.05, 1.05, 1.05, 1.05, 1.05, 1.05, 1.05, 1.05, 1.05, 1.05, 1.05, 1.05, 1.05, 1.05, 1.05, 1.05, 1.05, 1.05, 1.05, 1.05, 1.05, 1.05, 1.05, 1.05, 1.05, 1.05, 1.05, 1.05, 1.05, 1.05, 1.05, 1.05, 1.05, 1.05, 1.05]
E′q_G2 [1.0400000000000003, 1.0400000000000003, 1.0400000000000003, 1.0400000000000003, 1.0400000000000003, 1.0400000000000003, 1.0400000000000003, 1.0400000000000003, 1.0400000000000003, 1.0400000000000003, 1.0400000000000003, 1.0400000000000003, 1.0400000000000003, 1.0400000000000003, 1.0400000000000003, 1.0400000000000003, 1.0400000000000003, 1.0400000000000003, 1.0400000000000003, 1.0400000000000003, 1.0400000000000003, 1.0400000000000003, 1.0400000000000003, 1.0400000000000003, 1.0400000000000003, 1.0400000000000003, 1.0400000000000003, 1.0400000000000003, 1.0400000000000003, 1.0400000000000003, 1.0400000000000003, 1.0400000000000003, 1.04, 1.0400000000000003, 1.0400000000000003, 1.0400000000000003, 1.0400000000000003, 1.0400000000000003, 1.0400000000000003, 1.0400000000000003, 1.0400000000000003, 1.0400000000000003, 1.0400000000000003, 1.0400000000000003, 1.0400000000000003, 1.0400000000000003, 1.0400000000000003, 1.0400000000000003, 1.0400000000000003, 1.0400000000000003, 1.0400000000000003, 1.0400000000000003, 1.0400000000000003, 1.0400000000000003, 1.0400000000000003, 1.0400000000000003, 1.0400000000000003, 1.0400000000000003, 1.0400000000000003, 1.0400000000000003, 1.0400000000000003]
E′d_G1 [6.938893903907228e-18, 6.938893903907228e-18, 6.938893903907228e-18, 6.938893903907228e-18, 6.938893903907228e-18, 6.938893903907228e-18, 6.938893903907228e-18, 6.938893903907228e-18, 6.938893903907228e-18, 6.938893903907228e-18, 6.938893903907228e-18, 6.938893903907228e-18, 6.938893903907228e-18, 6.938893903907228e-18, 6.938893903907228e-18, 6.938893903907228e-18, 6.938893903907228e-18, 6.938893903907228e-18, 6.938893903907228e-18, 6.938893903907228e-18, 6.938893903907228e-18, 6.938893903907228e-18, 6.938893903907228e-18, 6.938893903907228e-18, 6.938893903907228e-18, 6.938893903907228e-18, 6.938893903907228e-18, 6.938893903907228e-18, 6.938893903907228e-18, 6.938893903907228e-18, 6.938893903907228e-18, 6.938893903907228e-18, 6.938893903907228e-18, 6.938893903907228e-18, 6.938893903907228e-18, 6.938893903907228e-18, 6.938893903907228e-18, 6.938893903907228e-18, 6.938893903907228e-18, 6.938893903907228e-18, 6.938893903907228e-18, 6.938893903907228e-18, 6.938893903907228e-18, 6.938893903907228e-18, 6.938893903907228e-18, 6.938893903907228e-18, 6.938893903907228e-18, 6.938893903907228e-18, 6.938893903907228e-18, 6.938893903907228e-18, 6.938893903907228e-18, 6.938893903907228e-18, 6.938893903907228e-18, 6.938893903907228e-18, 6.938893903907228e-18, 6.938893903907228e-18, 6.938893903907228e-18, 6.938893903907228e-18, 6.938893903907228e-18, 6.938893903907228e-18, 6.938893903907228e-18]
E′d_G2 [3.469446951953614e-18, 3.469446951953614e-18, 3.469446951953614e-18, 3.469446951953614e-18, 3.469446951953614e-18, 3.469446951953614e-18, 3.469446951953614e-18, 3.469446951953614e-18, 3.469446951953614e-18, 3.469446951953614e-18, 3.469446951953614e-18, 3.469446951953614e-18, 3.469446951953614e-18, 3.469446951953614e-18, 3.469446951953614e-18, 3.469446951953614e-18, 3.469446951953614e-18, 3.469446951953614e-18, 3.469446951953614e-18, 3.469446951953614e-18, 3.469446951953614e-18, 3.469446951953614e-18, 3.469446951953614e-18, 3.469446951953614e-18, 3.469446951953614e-18, 3.469446951953614e-18, 3.469446951953614e-18, 3.469446951953614e-18, 3.469446951953614e-18, 3.469446951953614e-18, 3.469446951953614e-18, 3.469446951953614e-18, 3.469446951953614e-18, 3.469446951953614e-18, 3.469446951953614e-18, 3.469446951953614e-18, 3.469446951953614e-18, 3.469446951953614e-18, 3.469446951953614e-18, 3.469446951953614e-18, 3.469446951953614e-18, 3.469446951953614e-18, 3.469446951953614e-18, 3.469446951953614e-18, 3.469446951953614e-18, 3.469446951953614e-18, 3.469446951953614e-18, 3.469446951953614e-18, 3.469446951953614e-18, 3.469446951953614e-18, 3.469446951953614e-18, 3.469446951953614e-18, 3.469446951953614e-18, 3.469446951953614e-18, 3.469446951953614e-18, 3.469446951953614e-18, 3.469446951953614e-18, 3.469446951953614e-18, 3.469446951953614e-18, 3.469446951953614e-18, 3.469446951953614e-18]
Efd_G1 [1.05, 1.05, 1.05, 1.05, 1.05, 1.05, 1.05, 1.05, 1.05, 1.05, 1.05, 1.05, 1.05, 1.05, 1.05, 1.05, 1.05, 1.05, 1.05, 1.05, 1.05, 1.05, 1.05, 1.05, 1.05, 1.05, 1.05, 1.05, 1.05, 1.05, 1.05, 1.05, 1.05, 1.05, 1.05, 1.05, 1.05, 1.05, 1.05, 1.05, 1.05, 1.05, 1.05, 1.05, 1.05, 1.05, 1.05, 1.05, 1.05, 1.05, 1.05, 1.05, 1.05, 1.05, 1.05, 1.05, 1.05, 1.05, 1.05, 1.05, 1.05]
Efd_G2 [1.0400000000000003, 1.0400000000000003, 1.0400000000000003, 1.0400000000000003, 1.0400000000000003, 1.0400000000000003, 1.0400000000000003, 1.0400000000000003, 1.0400000000000003, 1.0400000000000003, 1.0400000000000003, 1.0400000000000003, 1.0400000000000003, 1.0400000000000003, 1.0400000000000003, 1.0400000000000003, 1.0400000000000003, 1.0400000000000003, 1.0400000000000003, 1.0400000000000003, 1.0400000000000003, 1.0400000000000003, 1.0400000000000003, 1.0400000000000003, 1.0400000000000003, 1.0400000000000003, 1.0400000000000003, 1.0400000000000003, 1.0400000000000003, 1.0400000000000003, 1.0400000000000003, 1.0400000000000003, 1.0400000000000003, 1.0400000000000003, 1.0400000000000003, 1.0400000000000003, 1.0400000000000003, 1.0400000000000003, 1.0400000000000003, 1.0400000000000003, 1.0400000000000003, 1.0400000000000003, 1.0400000000000003, 1.0400000000000003, 1.0400000000000003, 1.0400000000000003, 1.0400000000000003, 1.0400000000000003, 1.0400000000000003, 1.0400000000000003, 1.0400000000000003, 1.0400000000000003, 1.0400000000000003, 1.0400000000000003, 1.0400000000000003, 1.0400000000000003, 1.0400000000000003, 1.0400000000000003, 1.0400000000000003, 1.0400000000000003, 1.0400000000000003]
V_B1 [1.0251545459010756, 1.0251545459010758, 1.0251545459010747, 1.0251545459010758, 1.0251545459010758, 1.0251545459010758, 1.0251545459010758, 1.0251545459010756, 1.0251545459010756, 1.0251545459010754, 1.0251545459010754, 1.0251545459010754, 1.0251545459010758, 1.0251545459010756, 1.0251545459010758, 1.0251545459010756, 1.0251545459010756, 1.0251545459010756, 1.0251545459010756, 1.0251545459010756, 1.0251545459010756, 1.0251545459010756, 1.0251545459010756, 1.0251545459010756, 1.0251545459010756, 1.0251545459010756, 1.0251545459010756, 1.0251545459010756, 1.0251545459010756, 1.0251545459010758, 1.0251545459010756, 1.0251545459010756, 1.0251545459010756, 1.0251545459010756, 1.0251545459010756, 1.0251545459010756, 1.0251545459010756, 1.0251545459010756, 1.0251545459010758, 1.0251545459010756, 1.0251545459010758, 1.0251545459010758, 1.0251545459010758, 1.0251545459010758, 1.0251545459010758, 1.0251545459010758, 1.0251545459010758, 1.0251545459010758, 1.0251545459010758, 1.0251545459010758, 1.0251545459010756, 1.0251545459010756, 1.0251545459010756, 1.0251545459010756, 1.0251545459010756, 1.0251545459010756, 1.0251545459010756, 1.0251545459010756, 1.0251545459010756, 1.0251545459010754, 1.0251545459010756]
V_B2 [1.0241260203696338, 1.024126020369634, 1.0241260203696347, 1.024126020369634, 1.0241260203696343, 1.0241260203696343, 1.024126020369634, 1.0241260203696338, 1.0241260203696336, 1.0241260203696334, 1.0241260203696332, 1.0241260203696334, 1.024126020369634, 1.024126020369634, 1.024126020369634, 1.024126020369634, 1.024126020369634, 1.024126020369634, 1.024126020369634, 1.024126020369634, 1.024126020369634, 1.0241260203696338, 1.0241260203696338, 1.024126020369634, 1.024126020369634, 1.0241260203696338, 1.024126020369634, 1.0241260203696338, 1.024126020369634, 1.024126020369634, 1.024126020369634, 1.024126020369634, 1.024126020369634, 1.024126020369634, 1.024126020369634, 1.0241260203696343, 1.0241260203696343, 1.0241260203696343, 1.0241260203696345, 1.0241260203696345, 1.0241260203696345, 1.0241260203696345, 1.0241260203696345, 1.0241260203696347, 1.0241260203696347, 1.0241260203696347, 1.0241260203696347, 1.0241260203696347, 1.0241260203696347, 1.0241260203696345, 1.0241260203696347, 1.0241260203696347, 1.0241260203696347, 1.0241260203696345, 1.0241260203696345, 1.0241260203696343, 1.0241260203696343, 1.024126020369634, 1.024126020369634, 1.0241260203696343, 1.024126020369634]
V_B3 [0.9789929944147123, 0.9789929944147127, 0.9789929944147122, 0.9789929944147127, 0.9789929944147127, 0.9789929944147127, 0.9789929944147127, 0.9789929944147125, 0.9789929944147123, 0.9789929944147122, 0.9789929944147122, 0.9789929944147123, 0.9789929944147125, 0.9789929944147125, 0.9789929944147127, 0.9789929944147127, 0.9789929944147125, 0.9789929944147127, 0.9789929944147125, 0.9789929944147127, 0.9789929944147127, 0.9789929944147125, 0.9789929944147125, 0.9789929944147127, 0.9789929944147125, 0.9789929944147125, 0.9789929944147125, 0.9789929944147124, 0.9789929944147125, 0.9789929944147125, 0.9789929944147124, 0.9789929944147124, 0.9789929944147123, 0.9789929944147123, 0.9789929944147123, 0.9789929944147123, 0.9789929944147123, 0.9789929944147123, 0.9789929944147122, 0.9789929944147121, 0.9789929944147121, 0.9789929944147121, 0.978992994414712, 0.978992994414712, 0.978992994414712, 0.9789929944147121, 0.9789929944147121, 0.978992994414712, 0.978992994414712, 0.978992994414712, 0.978992994414712, 0.9789929944147121, 0.978992994414712, 0.9789929944147121, 0.9789929944147122, 0.9789929944147123, 0.9789929944147124, 0.9789929944147125, 0.9789929944147124, 0.978992994414713, 0.9789929944147125]
δ_coi [-0.03543472049453865, -0.03543472049453865, -0.03543472049453865, -0.03543472049453865, -0.03543472049453865, -0.035434720494538656, -0.03543472049453865, -0.03543472049453865, -0.03543472049453865, -0.035434720494538656, -0.035434720494538656, -0.03543472049453867, -0.03543472049453867, -0.03543472049453863, -0.03543472049453859, -0.035434720494538566, -0.03543472049453856, -0.035434720494538566, -0.03543472049453857, -0.035434720494538594, -0.03543472049453863, -0.035434720494538656, -0.03543472049453869, -0.03543472049453874, -0.03543472049453878, -0.03543472049453882, -0.035434720494538864, -0.035434720494538906, -0.03543472049453895, -0.03543472049453898, -0.03543472049453901, -0.035434720494539045, -0.03543472049453907, -0.0354347204945391, -0.03543472049453911, -0.03543472049453912, -0.03543472049453912, -0.03543472049453912, -0.035434720494539114, -0.0354347204945391, -0.035434720494539086, -0.035434720494539045, -0.03543472049453901, -0.035434720494538975, -0.03543472049453893, -0.03543472049453888, -0.035434720494538816, -0.03543472049453876, -0.0354347204945387, -0.03543472049453863, -0.03543472049453855, -0.03543472049453848, -0.03543472049453841, -0.03543472049453834, -0.035434720494538254, -0.0354347204945382, -0.03543472049453813, -0.035434720494538066, -0.03543472049453804, -0.03543472049453804, -0.03543472049453803]
f_coi [50.0, 50.0, 50.0, 50.0, 50.0, 50.0, 50.0, 50.0, 50.0, 50.0, 50.0, 50.0, 50.0, 50.0, 50.0, 50.0, 50.0, 50.0, 50.0, 50.0, 50.0, 50.0, 50.0, 50.0, 50.0, 50.0, 50.0, 50.0, 50.0, 50.0, 50.0, 50.0, 50.0, 50.0, 50.0, 50.0, 50.0, 50.0, 50.0, 50.0, 50.0, 50.0, 50.0, 50.0, 50.0, 50.0, 50.0, 50.0, 50.0, 50.0, 50.0, 50.0, 50.0, 50.0, 50.0, 50.0, 50.0, 50.0, 50.0, 50.0, 50.0]
== sauer_pai_avr flat
t [0.0, 0.05, 0.1, 0.15, 0.2, 0.25, 0.3, 0.35, 0.4, 0.45, 0.5, 0.55, 0.6, 0.65, 0.7, 0.75, 0.8, 0.85, 0.9, 0.95, 1.0, 1.05, 1.1, 1.15, 1.2, 1.25, 1.3, 1.35, 1.4, 1.45, 1.5, 1.55, 1.6, 1.65, 1.7, 1.75, 1.8, 1.85, 1.9, 1.95, 2.0, 2.05, 2.1, 2.15, 2.2, 2.25, 2.3, 2.35, 2.4, 2.45, 2.5, 2.55, 2.6, 2.65, 2.7, 2.75, 2.8, 2.85, 2.9, 2.95, 3.0]
δ_G1 [0.0, 0.0, 0.0, 0.0, 0.0, 0.0, 0.0, 0.0, 0.0, 0.0, 0.0, 0.0, 0.0, 0.0, 0.0, 0.0, 0.0, 0.0, 0.0, 0.0, 0.0, 0.0, 0.0, 0.0, 0.0, 0.0, 0.0, 0.0, 0.0, 0.0, 0.0, 0.0, 0.0, 0.0, 0.0, 0.0, 0.0, 0.0, 0.0, 0.0, 0.0, 0.0, 0.0, 0.0, 0.0, 0.0, 0.0, 0.0, 0.0, 0.0, 0.0, 0.0, 0.0, 0.0, 0.0, 0.0, 0.0, 0.0, 0.0, 0.0, 0.0]
δ_G_inf [0.0, 0.0, 0.0, 0.0, 0.0, 0.0, 0.0, 0.0, 0.0, 0.0, 0.0, 0.0, 0.0, 0.0, 0.0, 0.0, 0.0, 0.0, 0.0, 0.0, 0.0, 0.0, 0.0, 0.0, 0.0, 0.0, 0.0, 0.0, 0.0, 0.0, 0.0, 0.0, 0.0, 0.0, 0.0, 0.0, 0.0, 0.0, 0.0, 0.0, 0.0, 0.0, 0.0, 0.0, 0.0, 0.0, 0.0, 0.0, 0.0, 0.0, 0.0, 0.0, 0.0, 0.0, 0.0, 0.0, 0.0, 0.0, 0.0, 0.0, 0.0]
ω_G1 [0.0, 0.0, 0.0, 0.0, 0.0, 0.0, 0.0, 0.0, 0.0, 0.0, 0.0, 0.0, 0.0, 0.0, 0.0, 0.0, 0.0, 0.0, 0.0, 0.0, 0.0, 0.0, 0.0, 0.0, 0.0, 0.0, 0.0, 0.0, 0.0, 0.0, 0.0, 0.0, 0.0, 0.0, 0.0, 0.0, 0.0, 0.0, 0.0, 0.0, 0.0, 0.0, 0.0, 0.0, 0.0, 0.0, 0.0, 0.0, 0.0, 0.0, 0.0, 0.0, 0.0, 0.0, 0.0, 0.0, 0.0, 0.0, 0.0, 0.0, 0.0]
ω_G_inf [0.0, 0.0, 0.0, 0.0, 0.0, 0.0, 0.0, 0.0, 0.0, 0.0, 0.0, 0.0, 0.0, 0.0, 0.0, 0.0, 0.0, 0.0, 0.0, 0.0, 0.0, 0.0, 0.0, 0.0, 0.0, 0.0, 0.0, 0.0, 0.0, 0.0, 0.0, 0.0, 0.0, 0.0, 0.0, 0.0, 0.0, 0.0, 0.0, 0.0, 0.0, 0.0, 0.0, 0.0, 0.0, 0.0, 0.0, 0.0, 0.0, 0.0, 0.0, 0.0, 0.0, 0.0, 0.0, 0.0, 0.0, 0.0, 0.0, 0.0, 0.0]
E′q_G1 [1.0188172043010753, 1.0188172043010753, 1.0188172043010753, 1.0188172043010753, 1.0188172043010753, 1.0188172043010753, 1.0188172043010753, 1.0188172043010753, 1.0188172043010753, 1.0188172043010753, 1.018817204301075, 1.0188172043010753, 1.018817204301075, 1.018817204301075, 1.018817204301075, 1.018817204301075, 1.018817204301075, 1.018817204301075, 1.018817204301075, 1.018817204301075, 1.018817204301075, 1.018817204301075, 1.018817204301075, 1.018817204301075, 1.018817204301075, 1.018817204301075, 1.018817204301075, 1.0188172043010753, 1.018817204301075, 1.018817204301075, 1.0188172043010753, 1.0188172043010753, 1.0188172043010753, 1.018817204301075, 1.0188172043010753, 1.018817204301075, 1.0188172043010753, 1.018817204301075, 1.0188172043010753, 1.018817204301075, 1.018817204301075, 1.018817204301075, 1.018817204301075, 1.018817204301075, 1.018817204301075, 1.018817204301075, 1.0188172043010748, 1.0188172043010748, 1.0188172043010748, 1.0188172043010748, 1.0188172043010748, 1.0188172043010746, 1.0188172043010746, 1.0188172043010746, 1.0188172043010746, 1.0188172043010746, 1.0188172043010746, 1.0188172043010746, 1.0188172043010746, 1.0188172043010746, 1.0188172043010746]
E′q_G_inf [1.0, 1.0, 1.0, 1.0, 1.0, 1.0, 1.0, 1.0, 1.0, 1.0, 1.0, 1.0, 1.0, 1.0, 1.0, 1.0, 1.0, 1.0, 1.0, 1.0, 1.0, 1.0, 1.0, 1.0, 1.0, 1.0, 1.0, 1.0, 1.0, 1.0, 1.0, 1.0, 1.0, 1.0, 1.0, 1.0, 1.0, 1.0, 1.0, 1.0, 1.0, 1.0, 1.0, 1.0, 1.0, 1.0, 1.0, 1.0, 1.0, 1.0, 1.0, 1.0, 1.0, 1.0, 1.0, 1.0, 1.0, 1.0, 1.0, 1.0, 1.0]
E′d_G1 [0.0, 0.0, 0.0, 0.0, 0.0, 0.0, 0.0, 0.0, 0.0, 0.0, 0.0, 0.0, 0.0, 0.0, 0.0, 0.0, 0.0, 0.0, 0.0, 0.0, 0.0, 0.0, 0.0, 0.0, 0.0, 0.0, 0.0, 0.0, 0.0, 0.0, 0.0, 0.0, 0.0, 0.0, 0.0, 0.0, 0.0, 0.0, 0.0, 0.0, 0.0, 0.0, 0.0, 0.0, 0.0, 0.0, 0.0, 0.0, 0.0, 0.0, 0.0, 0.0, 0.0, 0.0, 0.0, 0.0, 0.0, 0.0, 0.0, 0.0, 0.0]
E′d_G_inf [0.0, 0.0, 0.0, 0.0, 0.0, 0.0, 0.0, 0.0, 0.0, 0.0, 0.0, 0.0, 0.0, 0.0, 0.0, 0.0, 0.0, 0.0, 0.0, 0.0, 0.0, 0.0, 0.0, 0.0, 0.0, 0.0, 0.0, 0.0, 0.0, 0.0, 0.0, 0.0, 0.0, 0.0, 0.0, 0.0, 0.0, 0.0, 0.0, 0.0, 0.0, 0.0, 0.0, 0.0, 0.0, 0.0, 0.0, 0.0, 0.0, 0.0, 0.0, 0.0, 0.0, 0.0, 0.0, 0.0, 0.0, 0.0, 0.0, 0.0, 0.0]
Efd_G1 [1.0521505376344087, 1.0521505376344087, 1.0521505376344085, 1.0521505376344085, 1.0521505376344085, 1.0521505376344082, 1.052150537634408, 1.0521505376344078, 1.0521505376344078, 1.0521505376344076, 1.0521505376344074, 1.0521505376344074, 1.0521505376344071, 1.0521505376344071, 1.0521505376344071, 1.0521505376344071, 1.0521505376344071, 1.0521505376344074, 1.0521505376344074, 1.0521505376344078, 1.052150537634408, 1.0521505376344082, 1.0521505376344085, 1.0521505376344087, 1.0521505376344087, 1.052150537634409, 1.0521505376344091, 1.0521505376344094, 1.0521505376344091, 1.0521505376344094, 1.0521505376344094, 1.0521505376344091, 1.0521505376344091, 1.0521505376344091, 1.052150537634409, 1.0521505376344087, 1.0521505376344085, 1.0521505376344082, 1.052150537634408, 1.0521505376344076, 1.0521505376344074, 1.052150537634407, 1.0521505376344065, 1.0521505376344062, 1.0521505376344058, 1.0521505376344054, 1.0521505376344051, 1.052150537634405, 1.0521505376344045, 1.0521505376344042, 1.052150537634404, 1.052150537634404, 1.0521505376344038, 1.052150537634404, 1.052150537634404, 1.0521505376344042, 1.0521505376344045, 1.052150537634405, 1.0521505376344054, 1.0521505376344062, 1.0521505376344071]
Efd_G_inf [1.0, 1.0, 1.0, 1.0, 1.0, 1.0, 1.0, 1.0, 1.0, 1.0, 1.0, 1.0, 1.0, 1.0, 1.0, 1.0, 1.0, 1.0, 1.0, 1.0, 1.0, 1.0, 1.0, 1.0, 1.0, 1.0, 1.0, 1.0, 1.0, 1.0, 1.0, 1.0, 1.0, 1.0, 1.0, 1.0, 1.0, 1.0, 1.0, 1.0, 1.0, 1.0, 1.0, 1.0, 1.0, 1.0, 1.0, 1.0, 1.0, 1.0, 1.0, 1.0, 1.0, 1.0, 1.0, 1.0, 1.0, 1.0, 1.0, 1.0, 1.0]
V_B1 [1.0134408602150538, 1.0134408602150538, 1.0134408602150538, 1.0134408602150538, 1.0134408602150538, 1.0134408602150538, 1.0134408602150538, 1.0134408602150538, 1.0134408602150535, 1.0134408602150538, 1.0134408602150538, 1.013440860215054, 1.013440860215054, 1.013440860215054, 1.013440860215054, 1.013440860215054, 1.0134408602150538, 1.0134408602150538, 1.0134408602150535, 1.0134408602150535, 1.0134408602150535, 1.0134408602150535, 1.0134408602150535, 1.0134408602150533, 1.0134408602150533, 1.0134408602150535, 1.0134408602150535, 1.0134408602150535, 1.0134408602150535, 1.0134408602150535, 1.0134408602150535, 1.0134408602150535, 1.0134408602150535, 1.0134408602150535, 1.0134408602150535, 1.0134408602150535, 1.0134408602150535, 1.0134408602150535, 1.0134408602150538, 1.0134408602150538, 1.0134408602150538, 1.0134408602150538, 1.0134408602150535, 1.0134408602150535, 1.0134408602150535, 1.0134408602150535, 1.0134408602150535, 1.0134408602150533, 1.0134408602150533, 1.0134408602150533, 1.0134408602150533, 1.0134408602150533, 1.0134408602150533, 1.0134408602150533, 1.013440860215053, 1.013440860215053, 1.013440860215053, 1.013440860215053, 1.013440860215053, 1.013440860215053, 1.013440860215053]
V_B2 [1.0026881720430108, 1.0026881720430108, 1.0026881720430108, 1.0026881720430108, 1.0026881720430108, 1.0026881720430108, 1.0026881720430108, 1.0026881720430108, 1.0026881720430108, 1.0026881720430108, 1.0026881720430108, 1.0026881720430108, 1.0026881720430108, 1.0026881720430108, 1.0026881720430108, 1.0026881720430108, 1.0026881720430108, 1.0026881720430108, 1.0026881720430108, 1.0026881720430108, 1.0026881720430108, 1.0026881720430108, 1.0026881720430105, 1.0026881720430105, 1.0026881720430105, 1.0026881720430108, 1.0026881720430105, 1.0026881720430108, 1.0026881720430105, 1.0026881720430108, 1.0026881720430108, 1.0026881720430108, 1.0026881720430108, 1.0026881720430108, 1.0026881720430108, 1.0026881720430108, 1.0026881720430108, 1.0026881720430108, 1.002688172043011, 1.0026881720430108, 1.002688172043011, 1.002688172043011, 1.002688172043011, 1.002688172043011, 1.002688172043011, 1.002688172043011, 1.002688172043011, 1.002688172043011, 1.002688172043011, 1.0026881720430112, 1.0026881720430112, 1.0026881720430112, 1.0026881720430112, 1.0026881720430112, 1.002688172043011, 1.002688172043011, 1.002688172043011, 1.0026881720430108, 1.0026881720430108, 1.0026881720430105, 1.0026881720430105]
δ_coi [0.0, 0.0, 0.0, 0.0, 0.0, 0.0, 0.0, 0.0, 0.0, 0.0, 0.0, 0.0, 0.0, 0.0, 0.0, 0.0, 0.0, 0.0, 0.0, 0.0, 0.0, 0.0, 0.0, 0.0, 0.0, 0.0, 0.0, 0.0, 0.0, 0.0, 0.0, 0.0, 0.0, 0.0, 0.0, 0.0, 0.0, 0.0, 0.0, 0.0, 0.0, 0.0, 0.0, 0.0, 0.0, 0.0, 0.0, 0.0, 0.0, 0.0, 0.0, 0.0, 0.0, 0.0, 0.0, 0.0, 0.0, 0.0, 0.0, 0.0, 0.0]
f_coi [50.0, 50.0, 50.0, 50.0, 50.0, 50.0, 50.0, 50.0, 50.0, 50.0, 50.0, 50.0, 50.0, 50.0, 50.0, 50.0, 50.0, 50.0, 50.0, 50.0, 50.0, 50.0, 50.0, 50.0, 50.0, 50.0, 50.0, 50.0, 50.0, 50.0, 50.0, 50.0, 50.0, 50.0, 50.0, 50.0, 50.0, 50.0, 50.0, 50.0, 50.0, 50.0, 50.0, 50.0, 50.0, 50.0, 50.0, 50.0, 50.0, 50.0, 50.0, 50.0, 50.0, 50.0, 50.0, 50.0, 50.0, 50.0, 50.0, 50.0, 50.0]
== gfm flat
t [0.0, 0.05, 0.1, 0.15, 0.2, 0.25, 0.3, 0.35, 0.4, 0.45, 0.5, 0.55, 0.6, 0.65, 0.7, 0.75, 0.8, 0.85, 0.9, 0.95, 1.0, 1.05, 1.1, 1.15, 1.2, 1.25, 1.3, 1.35, 1.4, 1.45, 1.5, 1.55, 1.6, 1.65, 1.7, 1.75, 1.8, 1.85, 1.9, 1.95, 2.0, 2.05, 2.1, 2.15, 2.2, 2.25, 2.3, 2.35, 2.4, 2.45, 2.5, 2.55, 2.6, 2.65, 2.7, 2.75, 2.8, 2.85, 2.9, 2.95, 3.0]
δ_iA [3.0565420002735284e-24, 9.821984702886897e-18, 6.609289601973222e-17, -1.6689461860386732e-17, 1.4053045850427858e-17, 2.1715976617341584e-16, 4.505475937454723e-16, 6.151905313917326e-16, 6.551196901255731e-16, 5.574232891486097e-16, 3.522466558506993e-16, 1.12792225809939e-16, -4.468045720733287e-17, -2.886917453362185e-17, -1.5549422823560373e-17, -3.928882293570265e-18, 7.458275048209357e-18, 1.9920851748182113e-17, 3.4610624907294467e-17, 5.252234618103552e-17, 7.44937417794373e-17, 1.0120551246707438e-16, 1.3318133356306423e-16, 1.707878549410669e-16, 2.1423470102928564e-16, 2.63574470810466e-16, 3.1870273782189635e-16, 3.793580501554082e-16, 4.451219304573747e-16, 5.154188759287136e-16, 5.895163583248842e-16, 6.665248239558881e-16, 7.4539769368627085e-16, 8.249313629351199e-16, 9.037652016760655e-16, 9.803815544372821e-16, 1.0531057403014845e-15, 1.1201060529059321e-15, 1.179393760442426e-15, 1.2288231056573108e-15, 1.2791365713164145e-15, 1.2203059886993974e-15, 1.0643144660673863e-15, 8.610663928674238e-16, 6.538513897143566e-16, 4.793443083908484e-16, 3.6760523184736896e-16, 3.4207947420219733e-16, 4.195975807414259e-16, 6.103753279189567e-16, 9.180137233564983e-16, 1.3394990058435733e-15, 1.8652026453375176e-15, 2.478881342963466e-15, 3.1576770310143775e-15, 3.872116872951007e-15, 4.586113263401929e-15, 5.256963828163535e-15, 5.835351424200004e-15, 6.265344139643349e-15, 6.484395293793377e-15]
δ_iB [0.006520244096164006, 0.006520244096163997, 0.006520244096164026, 0.006520244096164033, 0.0065202440961640365, 0.006520244096164244, 0.006520244096164494, 0.006520244096164672, 0.006520244096164719, 0.006520244096164615, 0.006520244096164394, 0.006520244096164135, 0.006520244096163968, 0.0065202440961640035, 0.006520244096164032, 0.006520244096164054, 0.006520244096164071, 0.006520244096164088, 0.006520244096164102, 0.00652024409616412, 0.00652024409616414, 0.006520244096164163, 0.006520244096164193, 0.006520244096164226, 0.006520244096164267, 0.006520244096164313, 0.006520244096164368, 0.006520244096164428, 0.0065202440961644945, 0.0065202440961645665, 0.006520244096164643, 0.0065202440961647234, 0.006520244096164808, 0.006520244096164892, 0.006520244096164977, 0.006520244096165058, 0.0065202440961651354, 0.006520244096165207, 0.006520244096165269, 0.0065202440961653185, 0.006520244096165455, 0.006520244096165514, 0.0065202440961654356, 0.006520244096165258, 0.00652024409616502, 0.006520244096164758, 0.006520244096164503, 0.006520244096164283, 0.006520244096164122, 0.0065202440961640434, 0.006520244096164064, 0.0065202440961642, 0.006520244096164463, 0.006520244096164861, 0.0065202440961654, 0.006520244096166082, 0.006520244096166905, 0.006520244096167864, 0.006520244096168952, 0.0065202440961701575, 0.0065202440961714654]
ω_iA [0.0, 0.0, 0.0, 0.0, 0.0, 0.0, 0.0, 0.0, 0.0, 0.0, 0.0, 0.0, 0.0, 0.0, 0.0, 0.0, 0.0, 0.0, 0.0, 0.0, 0.0, 0.0, 0.0, 0.0, 0.0, 0.0, 0.0, 0.0, 0.0, 0.0, 0.0, 0.0, 0.0, 0.0, 0.0, 0.0, 0.0, 0.0, 0.0, 0.0, 0.0, 2.220446049250313e-16, 2.220446049250313e-16, 2.220446049250313e-16, 2.220446049250313e-16, 2.220446049250313e-16, 0.0, 0.0, 0.0, 0.0, 0.0, 0.0, 0.0, 0.0, 0.0, 0.0, 0.0, 0.0, 0.0, 0.0, 0.0]
ω_iB [0.0, 0.0, 0.0, 0.0, 0.0, 0.0, 0.0, 0.0, 0.0, 0.0, 0.0, 0.0, 0.0, 0.0, 0.0, 0.0, 0.0, 0.0, 0.0, 0.0, 0.0, 0.0, 0.0, 0.0, 0.0, 0.0, 0.0, 0.0, 0.0, 0.0, 0.0, 0.0, 0.0, 0.0, 0.0, 0.0, 0.0, 0.0, 0.0, 0.0, 0.0, 0.0, 0.0, 0.0, 0.0, 0.0, 0.0, 0.0, 0.0, 0.0, 2.220446049250313e-16, 2.220446049250313e-16, 2.220446049250313e-16, 2.220446049250313e-16, 2.220446049250313e-16, 2.220446049250313e-16, 2.220446049250313e-16, 2.220446049250313e-16, 2.220446049250313e-16, 2.220446049250313e-16, 2.220446049250313e-16]
E_iA [1.038278390059358, 1.0382783900593575, 1.0382783900593573, 1.038278390059357, 1.038278390059357, 1.0382783900593568, 1.0382783900593568, 1.0382783900593568, 1.0382783900593568, 1.0382783900593568, 1.0382783900593568, 1.0382783900593568, 1.0382783900593568, 1.0382783900593568, 1.0382783900593568, 1.0382783900593568, 1.0382783900593568, 1.0382783900593568, 1.0382783900593568, 1.0382783900593568, 1.0382783900593568, 1.0382783900593568, 1.0382783900593568, 1.0382783900593568, 1.0382783900593566, 1.0382783900593566, 1.0382783900593566, 1.0382783900593566, 1.0382783900593566, 1.0382783900593566, 1.0382783900593566, 1.0382783900593566, 1.0382783900593566, 1.0382783900593566, 1.0382783900593566, 1.0382783900593566, 1.0382783900593566, 1.0382783900593566, 1.0382783900593566, 1.0382783900593566, 1.0382783900593566, 1.0382783900593568, 1.0382783900593568, 1.0382783900593568, 1.0382783900593568, 1.0382783900593568, 1.0382783900593568, 1.0382783900593568, 1.0382783900593568, 1.0382783900593568, 1.0382783900593566, 1.0382783900593566, 1.0382783900593566, 1.0382783900593566, 1.0382783900593566, 1.0382783900593566, 1.0382783900593566, 1.0382783900593566, 1.0382783900593566, 1.0382783900593566, 1.0382783900593566]
E_iB [1.0018029668160626, 1.0018029668160617, 1.0018029668160613, 1.0018029668160606, 1.0018029668160604, 1.0018029668160602, 1.00180296681606, 1.0018029668160597, 1.0018029668160595, 1.0018029668160595, 1.0018029668160595, 1.0018029668160595, 1.0018029668160593, 1.0018029668160593, 1.0018029668160593, 1.0018029668160593, 1.0018029668160593, 1.0018029668160593, 1.0018029668160593, 1.0018029668160593, 1.0018029668160593, 1.0018029668160593, 1.0018029668160593, 1.0018029668160593, 1.0018029668160593, 1.0018029668160593, 1.0018029668160593, 1.0018029668160593, 1.0018029668160593, 1.0018029668160593, 1.0018029668160593, 1.0018029668160593, 1.0018029668160593, 1.0018029668160593, 1.0018029668160593, 1.0018029668160593, 1.0018029668160593, 1.0018029668160593, 1.0018029668160593, 1.0018029668160593, 1.0018029668160593, 1.0018029668160593, 1.0018029668160593, 1.0018029668160593, 1.0018029668160593, 1.0018029668160593, 1.0018029668160593, 1.0018029668160593, 1.0018029668160593, 1.0018029668160593, 1.0018029668160593, 1.0018029668160593, 1.0018029668160593, 1.0018029668160593, 1.0018029668160593, 1.0018029668160593, 1.0018029668160593, 1.0018029668160593, 1.0018029668160593, 1.0018029668160593, 1.0018029668160593]
V_A [1.0200000000000002, 1.0199999999999976, 1.0199999999999982, 1.0199999999999971, 1.0199999999999971, 1.0199999999999971, 1.019999999999997, 1.019999999999997, 1.019999999999997, 1.0199999999999974, 1.0199999999999974, 1.0199999999999971, 1.0199999999999967, 1.0199999999999967, 1.0199999999999967, 1.0199999999999967, 1.0199999999999967, 1.0199999999999967, 1.0199999999999967, 1.0199999999999967, 1.0199999999999967, 1.0199999999999967, 1.0199999999999967, 1.019999999999997, 1.019999999999997, 1.0199999999999971, 1.0199999999999971, 1.0199999999999971, 1.0199999999999974, 1.0199999999999976, 1.0199999999999976, 1.0199999999999976, 1.0199999999999978, 1.0199999999999978, 1.0199999999999978, 1.0199999999999978, 1.0199999999999976, 1.0199999999999976, 1.0199999999999974, 1.019999999999997, 1.0199999999999967, 1.0199999999999967, 1.0199999999999967, 1.0199999999999967, 1.0199999999999967, 1.019999999999997, 1.0199999999999967, 1.0199999999999967, 1.0199999999999967, 1.019999999999997, 1.019999999999997, 1.019999999999997, 1.019999999999997, 1.0199999999999967, 1.0199999999999967, 1.0199999999999967, 1.0199999999999965, 1.0199999999999965, 1.0199999999999967, 1.0199999999999967, 1.0199999999999967]
V_B [1.0000000000000027, 0.9999999999999947, 0.9999999999999946, 0.9999999999999939, 0.9999999999999937, 0.9999999999999936, 0.9999999999999934, 0.9999999999999931, 0.999999999999993, 0.9999999999999928, 0.9999999999999928, 0.9999999999999927, 0.9999999999999927, 0.9999999999999927, 0.9999999999999927, 0.9999999999999927, 0.9999999999999928, 0.9999999999999928, 0.9999999999999928, 0.9999999999999928, 0.9999999999999927, 0.9999999999999927, 0.9999999999999927, 0.9999999999999926, 0.9999999999999927, 0.9999999999999927, 0.9999999999999927, 0.9999999999999927, 0.9999999999999927, 0.9999999999999927, 0.9999999999999927, 0.9999999999999927, 0.9999999999999927, 0.9999999999999927, 0.9999999999999927, 0.9999999999999927, 0.9999999999999927, 0.9999999999999927, 0.9999999999999927, 0.9999999999999927, 0.9999999999999928, 0.9999999999999927, 0.9999999999999929, 0.9999999999999928, 0.9999999999999928, 0.9999999999999928, 0.9999999999999928, 0.9999999999999927, 0.9999999999999927, 0.9999999999999928, 0.9999999999999928, 0.9999999999999928, 0.9999999999999928, 0.9999999999999929, 0.9999999999999927, 0.9999999999999928, 0.9999999999999928, 0.9999999999999928, 0.9999999999999928, 0.9999999999999927, 0.9999999999999926]
V_C [0.9844301063778305, 0.9844301063778256, 0.9844301063778248, 0.984430106377825, 0.9844301063778248, 0.9844301063778247, 0.9844301063778246, 0.9844301063778245, 0.9844301063778245, 0.9844301063778245, 0.9844301063778242, 0.9844301063778244, 0.9844301063778241, 0.9844301063778242, 0.9844301063778241, 0.9844301063778242, 0.9844301063778244, 0.9844301063778242, 0.9844301063778242, 0.9844301063778242, 0.9844301063778242, 0.9844301063778242, 0.9844301063778242, 0.9844301063778241, 0.9844301063778241, 0.9844301063778241, 0.9844301063778241, 0.984430106377824, 0.984430106377824, 0.984430106377824, 0.984430106377824, 0.984430106377824, 0.984430106377824, 0.9844301063778241, 0.9844301063778241, 0.9844301063778241, 0.9844301063778241, 0.9844301063778241, 0.9844301063778242, 0.9844301063778241, 0.9844301063778241, 0.9844301063778241, 0.9844301063778242, 0.9844301063778242, 0.9844301063778241, 0.9844301063778241, 0.9844301063778241, 0.9844301063778242, 0.9844301063778242, 0.9844301063778242, 0.9844301063778242, 0.9844301063778244, 0.9844301063778244, 0.9844301063778245, 0.9844301063778245, 0.9844301063778245, 0.9844301063778245, 0.9844301063778246, 0.9844301063778245, 0.9844301063778244, 0.9844301063778241]
δ_coi [0.00289788626496178, 0.002897886264961781, 0.0028978862649618256, 0.0028978862649617835, 0.0028978862649618013, 0.0028978862649620065, 0.002897886264962247, 0.002897886264962418, 0.0028978862649624605, 0.0028978862649623603, 0.0028978862649621483, 0.0028978862649619, 0.0028978862649617384, 0.0028978862649617627, 0.0028978862649617835, 0.0028978862649617996, 0.002897886264961813, 0.002897886264961827, 0.0028978862649618425, 0.00289788626496186, 0.0028978862649618803, 0.0028978862649619067, 0.002897886264961937, 0.002897886264961973, 0.002897886264962015, 0.002897886264962063, 0.0028978862649621183, 0.0028978862649621786, 0.0028978862649622445, 0.002897886264962316, 0.0028978862649623907, 0.0028978862649624688, 0.0028978862649625507, 0.0028978862649626323, 0.002897886264962713, 0.0028978862649627927, 0.0028978862649628673, 0.002897886264962936, 0.002897886264962997, 0.0028978862649630464, 0.0028978862649631345, 0.002897886264963128, 0.0028978862649630065, 0.0028978862649628153, 0.0028978862649625937, 0.0028978862649623803, 0.0028978862649622055, 0.002897886264962093, 0.002897886264962065, 0.002897886264962136, 0.002897886264962316, 0.00289788626496261, 0.0028978862649630195, 0.0028978862649635373, 0.0028978862649641536, 0.002897886264964854, 0.0028978862649656164, 0.0028978862649664157, 0.00289788626496722, 0.002897886264967995, 0.0028978862649686977]
f_coi [50.0, 50.0, 50.0, 50.0, 50.0, 50.0, 50.0, 50.0, 50.0, 50.0, 50.0, 50.0, 50.0, 50.0, 50.0, 50.0, 50.0, 50.0, 50.0, 50.0, 50.0, 50.0, 50.0, 50.0, 50.0, 50.0, 50.0, 50.0, 50.0, 50.0, 50.0, 50.0, 50.0, 50.0, 50.0, 50.0, 50.0, 50.0, 50.0, 50.0, 50.0, 50.000000000000014, 50.000000000000014, 50.000000000000014, 50.000000000000014, 50.000000000000014, 50.0, 50.0, 50.0, 50.0, 50.0, 50.0, 50.0, 50.0, 50.0, 50.0, 50.0, 50.0, 50.0, 50.0, 50.0]
== gfm line trip
t [0.0, 0.05, 0.1, 0.15, 0.2, 0.25, 0.3, 0.35, 0.4, 0.45, 0.5, 0.55, 0.6, 0.65, 0.7, 0.75, 0.8, 0.85, 0.9, 0.95, 1.0, 1.05, 1.1, 1.15, 1.2, 1.25, 1.3, 1.35, 1.4, 1.45, 1.5, 1.55, 1.6, 1.65, 1.7, 1.75, 1.8, 1.85, 1.9, 1.95, 2.0, 2.05, 2.1, 2.15, 2.2, 2.25, 2.3, 2.35, 2.4, 2.45, 2.5, 2.55, 2.6, 2.65, 2.7, 2.75, 2.8, 2.85, 2.9, 2.95, 3.0]
δ_iA [3.0565420002735284e-24, 9.821984702886897e-18, 6.609289601973222e-17, -1.6689461860386732e-17, 1.4053045850427858e-17, 2.1715976617341584e-16, 4.505475937454723e-16, 6.151905313917326e-16, 6.551196901255731e-16, 5.574232891486097e-16, 3.522466558506993e-16, 1.12792225809939e-16, -4.468045720733287e-17, -1.1893533048530705e-16, -4.01557102097826e-16, -4.55353091345843e-16, -4.339761227717343e-17, 8.680892647512118e-16, 2.1097417130731993e-15, 3.309048149713514e-15, 3.890351235387742e-15, -0.000970244266110671, -0.002709392548510624, -0.0037498254604412897, -0.0036959804791213487, -0.0030844202030944016, -0.002634607858148889, -0.0026649205894719954, -0.0030233292405856503, -0.0033790160763099188, -0.0035263368534442416, -0.0034811488091113564, -0.0033829550266163476, -0.003348353144700311, -0.0033984526507855562, -0.0034823474912188896, -0.0035421648235168276, -0.0035573195995578784, -0.003544884094881605, -0.0035331052910659256, -0.0035373774349652942, -0.003554696719128974, -0.003573249557727939, -0.003584404359234127, -0.003587693851876749, -0.0035880348542921, -0.0035902137424883547, -0.0035956184916299616, -0.003602645429144236, -0.003609049378197457, -0.003613812432293407, -0.0036174026801601275, -0.0036208753800051614, -0.0036249091388371943, -0.00362948490399035, -0.0036341820998307237, -0.0036386401582267644, -0.0036427943354102247, -0.0036468084812166747, -0.003650871994469878, -0.0036550578596109356]
δ_iB [0.006520244096164006, 0.006520244096163997, 0.006520244096164026, 0.006520244096164033, 0.0065202440961640365, 0.006520244096164244, 0.006520244096164494, 0.006520244096164672, 0.006520244096164719, 0.006520244096164615, 0.006520244096164394, 0.006520244096164135, 0.006520244096163968, 0.006520244096164237, 0.0065202440961638995, 0.006520244096163384, 0.006520244096163066, 0.006520244096163262, 0.006520244096164232, 0.0065202440961661745, 0.006520244096169232, 0.0077164042812149225, 0.009810218789394906, 0.010968021926769586, 0.010718464959124374, 0.009754518544539273, 0.008992157166217672, 0.008841108023364299, 0.009118838888224212, 0.009415481547413273, 0.009474395111911792, 0.00931352648875276, 0.009104310840962384, 0.008989517908094996, 0.008993003040039107, 0.009049051057359847, 0.009083515759694879, 0.00906902257465953, 0.009025439553640267, 0.00898684571795846, 0.008971535594950742, 0.008975055081259469, 0.008982111311024717, 0.008981492825907668, 0.00897226163834088, 0.008960271980736421, 0.008951280349212078, 0.008946856251453396, 0.008944876182016817, 0.008942444039219653, 0.008938214898610328, 0.008932713642116022, 0.008927211195987356, 0.008922519849365741, 0.008918590204766007, 0.00891487812761361, 0.008910918644151588, 0.008906619026605049, 0.008902174352336091, 0.008897813808748795, 0.008893623160586749]
ω_iA [0.0, 0.0, 0.0, 0.0, 0.0, 0.0, 0.0, 0.0, 0.0, 0.0, 0.0, 0.0, 0.0, 0.0, 0.0, 0.0, 0.0, 0.0, 0.0, 0.0, 0.0, -0.00010548256225517694, -9.921674222090893e-5, -2.9318281142831637e-5, 2.9551002075800525e-5, 4.0008078044495576e-5, 1.3845318124428019e-5, -1.5720192504287134e-5, -2.6045407983010804e-5, -1.6963354669607966e-5, -2.0928231768690964e-6, 6.19004095403497e-6, 4.995827195708458e-6, -7.789069033092844e-7, -4.980062804915697e-6, -5.037346319847202e-6, -2.3634811324724225e-6, 2.1950331974274206e-7, 1.0360785656082783e-6, 2.952611397599725e-7, -7.948555060810492e-7, -1.2706763160563739e-6, -9.94664391407163e-7, -4.245369601418858e-7, -5.3168614400078695e-8, -4.4695148582185595e-8, -2.4668447595743714e-7, -4.215377905625317e-7, -4.471852476095606e-7, -3.572164301024472e-7, -2.553483415823621e-7, -2.141097861230179e-7, -2.3557413808550365e-7, -2.774211759204448e-7, -3.0016571872515385e-7, -2.938157459553281e-7, -2.732188069121122e-7, -2.5769611988746277e-7, -2.555752239841169e-7, -2.62576102749712e-7, -2.697782605087795e-7]
ω_iB [0.0, 0.0, 0.0, 0.0, 0.0, 0.0, 0.0, 0.0, 0.0, 0.0, 0.0, 0.0, 0.0, 0.0, 0.0, 0.0, 0.0, 2.220446049250313e-16, 2.220446049250313e-16, 2.220446049250313e-16, 2.220446049250313e-16, 0.0001290164240463909, 0.00011672265331208465, 2.60396488291903e-5, -4.92963076861308e-5, -6.287807757754393e-5, -2.97914738892624e-5, 8.157721962387399e-6, 2.240669990771771e-5, 1.2518044273601703e-5, -4.664817674582267e-6, -1.3779633429300553e-5, -1.1244915955277435e-5, -3.1618735323313274e-6, 2.8088634096423704e-6, 3.4778537587598635e-6, 6.236811227466887e-7, -2.216710705438274e-6, -2.935851857177596e-6, -1.7776089741294854e-6, -2.3450787611789536e-7, 5.025862881424814e-7, 2.7030044513765006e-7, -3.5414092858232493e-7, -7.507196274625372e-7, -7.101921455365812e-7, -4.189530633524896e-7, -1.70497324925023e-7, -1.1501875829544872e-7, -2.0913451082016365e-7, -3.2233357272204444e-7, -3.632024895283692e-7, -3.2836278673897823e-7, -2.6997425084385185e-7, -2.3682767069654886e-7, -2.410633546112706e-7, -2.639274775395606e-7, -2.8113453409694955e-7, -2.821411054787504e-7, -2.7215707210093143e-7, -2.6221095783540704e-7]
E_iA [1.038278390059358, 1.0382783900593575, 1.0382783900593573, 1.038278390059357, 1.038278390059357, 1.0382783900593568, 1.0382783900593568, 1.0382783900593568, 1.0382783900593568, 1.0382783900593568, 1.0382783900593568, 1.0382783900593568, 1.0382783900593568, 1.0382783900593568, 1.0382783900593566, 1.0382783900593566, 1.0382783900593566, 1.0382783900593568, 1.0382783900593568, 1.0382783900593568, 1.0382783900593568, 1.038942383983373, 1.0393319469584859, 1.039561669529543, 1.0396933358156535, 1.039763964984427, 1.039798901259105, 1.0398157583123249, 1.039824965724436, 1.0398309136367423, 1.0398345134774636, 1.0398357956214286, 1.0398352751029614, 1.0398339758866812, 1.0398328238327967, 1.0398321949341605, 1.039831947308094, 1.0398317627197906, 1.0398314538181086, 1.039831045671541, 1.0398306699223174, 1.0398304232746547, 1.039830306065825, 1.0398302537461335, 1.0398302026845079, 1.0398301302831043, 1.0398300511321472, 1.039829989135282, 1.0398299546360243, 1.039829940639695, 1.0398299331762346, 1.0398299228286505, 1.039829908748295, 1.0398298952264222, 1.0398298861330335, 1.0398298819603295, 1.0398298805074655, 1.0398298792695007, 1.0398298771510959, 1.0398298745524304, 1.0398298723928507]
E_iB [1.0018029668160626, 1.0018029668160617, 1.0018029668160613, 1.0018029668160606, 1.0018029668160604, 1.0018029668160602, 1.00180296681606, 1.0018029668160597, 1.0018029668160595, 1.0018029668160595, 1.0018029668160595, 1.0018029668160595, 1.0018029668160593, 1.0018029668160593, 1.0018029668160593, 1.0018029668160593, 1.0018029668160593, 1.0018029668160593, 1.0018029668160593, 1.0018029668160593, 1.0018029668160593, 1.0013518793861425, 1.0010074298963154, 1.0007417350908214, 1.0005393457641305, 1.0003884909309944, 1.0002771392360417, 1.0001937773452483, 1.0001295305630216, 1.0000790272829443, 1.000039556923921, 1.0000094852742731, 0.9999871217936175, 0.9999705250675448, 0.9999579031711038, 0.9999480042650742, 0.999940165419784, 0.9999340741776283, 0.9999294882477215, 0.9999261014108033, 0.9999235729248416, 0.9999216196268564, 0.9999200691186633, 0.9999188428927451, 0.9999179020561615, 0.9999172034834365, 0.9999166892953091, 0.9999163009119776, 0.9999159957181524, 0.9999157517361958, 0.9999155603617297, 0.9999154159421131, 0.9999153100051706, 0.9999152317686806, 0.9999151716251948, 0.9999151236050439, 0.9999150852033755, 0.9999150555180569, 0.9999150335209901, 0.9999150175037688, 0.9999150055356912]
V_A [1.0200000000000002, 1.0199999999999976, 1.0199999999999982, 1.0199999999999971, 1.0199999999999971, 1.0199999999999971, 1.019999999999997, 1.019999999999997, 1.019999999999997, 1.0199999999999974, 1.0199999999999974, 1.0199999999999971, 1.0199999999999967, 1.019999999999997, 1.0199999999999967, 1.0199999999999967, 1.0199999999999967, 1.019999999999997, 1.0199999999999971, 1.0199999999999971, 1.0199999999999965, 1.02389339755422, 1.0242368388874903, 1.024431461600478, 1.0245233597248682, 1.024555185191109, 1.0245628845102115, 1.0245677483615196, 1.0245749655420187, 1.024580880910453, 1.0245817543465303, 1.0245777777245528, 1.0245720885253975, 1.0245677860917646, 1.0245659207318742, 1.0245656077788032, 1.0245654265860527, 1.0245646203158159, 1.0245633399814869, 1.0245621519051917, 1.024561448323695, 1.0245612154371548, 1.0245611839103923, 1.0245611045807703, 1.0245609041581558, 1.0245606578559667, 1.0245604700452513, 1.0245603829916285, 1.0245603667523568, 1.0245603651777988, 1.0245603431310895, 1.0245603008955828, 1.0245602583674571, 1.0245602319971545, 1.0245602235428732, 1.0245602238654885, 1.024560223107322, 1.0245602175021296, 1.0245602092983728, 1.0245602025449123, 1.0245601993181317]
V_B [1.0000000000000027, 0.9999999999999947, 0.9999999999999946, 0.9999999999999939, 0.9999999999999937, 0.9999999999999936, 0.9999999999999934, 0.9999999999999931, 0.999999999999993, 0.9999999999999928, 0.9999999999999928, 0.9999999999999927, 0.9999999999999927, 0.9999999999999927, 0.9999999999999927, 0.9999999999999928, 0.9999999999999929, 0.999999999999993, 0.9999999999999932, 0.9999999999999931, 0.9999999999999927, 0.9955055114795327, 0.9952059900304117, 0.9949759032105249, 0.9948247570796396, 0.9947287818012267, 0.9946561944153619, 0.9945888620090031, 0.9945256183913221, 0.994473416345444, 0.9944370089498847, 0.9944145271519254, 0.9943999163073008, 0.9943877682325665, 0.9943760084633695, 0.9943653573270185, 0.9943572021133223, 0.9943519528632087, 0.994348824395209, 0.9943466244392676, 0.9943445749406556, 0.9943425580975697, 0.9943408318585786, 0.9943396174132303, 0.9943388940911666, 0.9943384607423973, 0.9943381119666086, 0.9943377565455765, 0.9943374151489712, 0.9943371449699805, 0.9943369721485236, 0.9943368757328866, 0.9943368135428723, 0.9943367546063677, 0.9943366922377392, 0.9943366358291031, 0.9943365952981289, 0.9943365718961105, 0.994336559225575, 0.9943365496126696, 0.9943365391509997]
V_C [0.9844301063778305, 0.9844301063778256, 0.9844301063778248, 0.984430106377825, 0.9844301063778248, 0.9844301063778247, 0.9844301063778246, 0.9844301063778245, 0.9844301063778245, 0.9844301063778245, 0.9844301063778242, 0.9844301063778244, 0.9844301063778241, 0.9844301063778242, 0.9844301063778242, 0.9844301063778241, 0.984430106377824, 0.9844301063778241, 0.984430106377824, 0.9844301063778241, 0.9844301063778241, 0.9845883211663731, 0.9846394883851787, 0.9846414301142761, 0.9846263169409235, 0.9846047292494, 0.9845793452287235, 0.9845530184166986, 0.9845286231006211, 0.9845082189414018, 0.9844926055888802, 0.9844810619163706, 0.984472150438624, 0.9844647993223717, 0.9844586195178424, 0.9844536236727712, 0.9844498486854991, 0.9844471404184567, 0.9844451827707988, 0.9844436674563481, 0.9844424174465508, 0.9844413862035394, 0.9844405820523745, 0.9844399971290957, 0.9844395851217258, 0.9844392827218688, 0.9844390409369781, 0.9844388385323047, 0.9844386741106463, 0.9844385501213718, 0.9844384625848634, 0.9844384010290073, 0.9844383543086053, 0.9844383155787055, 0.984438283005912, 0.9844382572264941, 0.984438238496807, 0.9844382255685683, 0.9844382163258367, 0.9844382089805847, 0.9844382027163615]
δ_coi [0.00289788626496178, 0.002897886264961781, 0.0028978862649618256, 0.0028978862649617835, 0.0028978862649618013, 0.0028978862649620065, 0.002897886264962247, 0.002897886264962418, 0.0028978862649624605, 0.0028978862649623603, 0.0028978862649621483, 0.0028978862649619, 0.0028978862649617384, 0.002897886264961817, 0.00289788626496151, 0.002897886264961251, 0.002897886264961338, 0.002897886264961932, 0.0028978862649630525, 0.002897886264964582, 0.0028978862649662643, 0.0028904884215895923, 0.0028548791572251663, 0.002791440044985766, 0.002710439715654528, 0.0026217747958538983, 0.0025328432637918047, 0.0024488699051219125, 0.002373189927774288, 0.002307427312011499, 0.0022517662422695513, 0.0022053735454949167, 0.0021669409145297553, 0.002135145100986492, 0.0021088609895809603, 0.0020871629748161038, 0.002069248769021708, 0.002054388033427636, 0.0020419264155725598, 0.0020313173796115795, 0.0020221394672196107, 0.002014081858821445, 0.002006910828384352, 0.002000438834162226, 0.0019945085882199748, 0.001988990405720576, 0.0019837836316007264, 0.001978814727518197, 0.001974030842482899, 0.0019693921406545916, 0.0019648663814415862, 0.00196042679640705, 0.001956051987102624, 0.0019517259670307771, 0.0019474373665680305, 0.0019431780012556465, 0.0019389415317191696, 0.001934722714374341, 0.0019305172225845548, 0.001926321695849532, 0.0019221337049213682]
f_coi [50.0, 50.0, 50.0, 50.0, 50.0, 50.0, 50.0, 50.0, 50.0, 50.0, 50.0, 50.0, 50.0, 50.0, 50.0, 50.0, 50.0, 50.0, 50.0, 50.0, 50.0, 49.99993696047172, 49.99983781612302, 49.99976426216446, 49.99972538766463, 49.9997140448884, 49.99972255941702, 49.99974461069627, 49.99977444310954, 49.99980697446526, 49.999838203407876, 49.99986573150585, 49.99988888595643, 49.99990809984086, 49.99992408410897, 49.99993735935242, 49.999948207326824, 49.99995683707654, 49.999963538807776, 49.99996869927668, 49.99997270939425, 49.999975872019846, 49.99997837711013, 49.99998033750825, 49.99998184043566, 49.99998297642041, 49.99998383758537, 49.99998450178749, 49.99998502221516, 49.99998542988781, 49.99998574402223, 49.999985981339506, 49.99998615932312, 49.999986294428425, 49.999986399226245, 49.999986481488065, 49.999986545533645, 49.999986594340356, 49.99998663088588, 49.999986658284435, 49.99998667924926]
